rank,uri,artist_names,track_name,source,peak_rank,previous_rank,weeks_on_chart,streams,month
1,spotify:track:2HRgqmZQC0MC7GeNuDIXHN,"Jung Kook, Latto",Seven (feat. Latto) (Explicit Ver.),BIGHIT MUSIC,1,1,29,1178606,1
2,spotify:track:4qYfRfSxsmhJ1WMaywtLyI,"Wren Evans, itsnk",Từng Quen,Universal Music Indochina,1,2,14,1087520,1
3,spotify:track:0X28PqBpbQhWdi4usYw0w5,"Wren Evans, itsnk",Tò Te Tí,Universal Music Indochina,3,4,7,1036739,1
4,spotify:track:1khMN4Adfi3LrZvxOq4YM5,"VSOUL, RPT MCK, Obito, Ronboogz, Boyzed","Buồn Hay Vui (feat. RPT MCK, Obito, Ronboogz & Boyzed)",12 trái lê,3,5,6,919584,1
5,spotify:track:1bG6Q8sR8jda7ryI365y8o,"Vũ., Dear Jane",Những Lời Hứa Bỏ Quên,WM Vietnam,1,3,7,856107,1
6,spotify:track:2KslE17cAJNHTsI2MI0jb2,Jung Kook,Standing Next to You,BIGHIT MUSIC,1,6,13,803997,1
7,spotify:track:2N0SPREDYqILVEFSsWF5N5,V,Love Me Again,BIGHIT MUSIC,2,7,25,787011,1
8,spotify:track:4NTanSVXBkQ2NmDEbr2vLE,"Kai Đinh, GREY D, Hoàng Thùy Linh",Trái đất ôm Mặt trời,Yin Yang Media,8,8,6,779397,1
9,spotify:track:3Ua0m0YmEjrMi9XErKcNiR,Jimin,Like Crazy,BIGHIT MUSIC,1,9,45,757913,1
10,spotify:track:3ZbZtdEw9U0uZW4tZItIwq,"RHYDER, CoolKid, BAN",Chịu Cách Mình Nói Thua,RHYDER,6,10,10,753971,1
11,spotify:track:2kauMp3YNHXULGXyJh4321,"Wren Evans, itsnk",Phóng Đổ Tim Em,Universal Music Indochina,10,12,7,690217,1
12,spotify:track:6IHLOkgZftkcqS3fM0jMCT,"MONO, Onionn.",Em Xinh,M Music Records,10,11,5,650436,1
13,spotify:track:5J3m0taZ0W1E9HTE0MwcSv,Low G,Simp Gái 808,Rap Nhà Làm,9,14,16,597769,1
14,spotify:track:0tGmDUHDoT8pxYhgAT3yNG,"Wren Evans, itsnk",bé ơi từ từ,Universal Music Indochina,8,13,7,591441,1
15,spotify:track:7jLSThU5Kg1RWt19Leiaxm,"RPT MCK, Trung Trần",Chìm Sâu,N0L4B3L,1,16,101,582379,1
16,spotify:track:4jWmhzf53Q0ZvZMuGdiR9x,"WEAN, tlinh",shhhhhhh..,WEAN,9,15,17,541317,1
17,spotify:track:4exlWP8cokkWVCvyP3kg7c,"tlinh, 2pillz",nếu lúc đó,Universal Music Indochina Distributed Labels,1,20,48,540375,1
18,spotify:track:0kHgteR4TV4LO80wrasDSR,"Karik, GDucky",Bạn Đời,WM Vietnam,5,17,18,527219,1
19,spotify:track:3YctJXK6kznnWl68TnYobN,RPT MCK,Anh Đã Ổn Hơn,N0L4B3L,3,21,48,516473,1
20,spotify:track:2doGmsaPLdot51o80juiYU,"Obito, Shiki, RPT MCK",Đánh Đổi,12 trái lê,7,23,17,486506,1
21,spotify:track:3K7RddI2L8Wiv7uIbrhfLc,"The Masked Singer, Lâm Bảo Ngọc, Hứa Kim Tuyền",Rồi Em Sẽ Gặp Một Chàng Trai Khác,THE MASKED SINGER,15,19,11,481458,1
22,spotify:track:6KgZf5gZgF1KLNxq1qZgHP,Phương Ly,Anh Là Ngoại Lệ Của Em,WM Vietnam,7,22,17,477306,1
23,spotify:track:0SLhB9JLM4Ksz1XdwK3aQD,"Obito, Shiki, VSTRA",Hà Nội,12 trái lê,11,24,17,458177,1
24,spotify:track:3UX7FjJDl6RodnWekzFwEB,"HIEUTHUHAI, marzuz",Exit Sign,M Music Records,24,31,16,447416,1
25,spotify:track:2JuHIbFudHwDqQssgqsH3i,"Vũ Phụng Tiên, DT Tập Rap, Drum7",Lệ Lưu Ly,Big Arts Entertainment,6,26,19,444126,1
26,spotify:track:0dBKcPEAsdxWJsqNDNHcPz,"Andree Right Hand, RHYDER, WOKEUP",Dân Chơi Sao Phải Khóc,$maker Music,16,18,4,441511,1
27,spotify:track:0hhF4SJHEosOwZ7gbjgmbf,HIEUTHUHAI,Không Thể Say,M Music Records,7,37,41,439098,1
28,spotify:track:3XCp5o1FUpAH0aj2Hmj5yz,"Wren Evans, itsnk",Call Me,Universal Music Indochina,12,28,25,434991,1
29,spotify:track:28bxbqNcAuNxYDZYet6eZ7,"RPT MCK, tlinh",Chỉ Một Đêm Nữa Thôi,N0L4B3L,9,32,48,434649,1
30,spotify:track:24eClW0wZh5fFEFwsUWdSG,"Wren Evans, itsnk",Cầu Vĩnh Tuy,Universal Music Indochina,16,25,7,427826,1
31,spotify:track:25h0TqC9H3BcMA7KjK5nHK,"GREY D, tlinh",vaicaunoicokhiennguoithaydoi,M Music Records,2,30,85,426475,1
32,spotify:track:4fj4Jn4nw8fGX8xdbCntJf,"CoolKid, RHYDER",Sau Cơn Mưa,MaiDao Music,28,29,22,423272,1
33,spotify:track:4CUvVaAYuXtvYURLFz7EIL,"Emcee L (Da LAB), Da LAB, Muộii (Starry Night)",Chuyện Đôi Ta (feat. Muộii),Yin Yang Media,3,39,113,414582,1
34,spotify:track:3A9A7mfVDVm3rrS9SMGhg5,Kha,Hư không,MaiDao Music,34,40,3,410514,1
35,spotify:track:6VXVYATpQXEIoZ97NnWCmn,"Madihu, Vũ.",Vì Anh Đâu Có Biết,WM Vietnam,2,35,78,407162,1
36,spotify:track:1o6cYDMHvKOfizi4d9Lqxr,W/N,id 072019,Universal Music Indochina Distributed Labels,3,36,27,400229,1
37,spotify:track:3ukrFH17Zl6iEZ2QJ1Zwiy,"RPT Orijinn, Ronboogz",Don't Côi,Rapital,3,27,58,399435,1
38,spotify:track:2uZmeuNAxSm7XfVIwLkhCx,Ronboogz,nhắn nhủ,MaiDao Music,36,38,7,395325,1
39,spotify:track:5T6j0rfpCDBzAxC8Fpd0N7,"Low G, Thắng",An Thần,Rap Nhà Làm,2,33,119,381879,1
40,spotify:track:7tFwBnuaGXqiiONukPRaCo,Minh Huy,Miên Man,LOOPS Music,11,41,22,373676,1
41,spotify:track:4X2vrRE8Pi5hBMbWRjofAU,HIEUTHUHAI,NOLOVENOLIFE,M Music Records,24,45,16,370392,1
42,spotify:track:5C1O3fpMsiisJpHiB1uuDf,"52Hz, RIO",ĐỢI (Prod. RIO),DAO Entertainment,42,47,4,365126,1
43,spotify:track:08ULi904W2Po6pVj8nN7KC,"GREY D, Chillies",đưa em về nhàa,M Music Records,3,48,41,360776,1
44,spotify:track:3a2Oftcs10wtzw6AmxuTMU,Olew,Rồi Ta Sẽ Ngắm Pháo Hoa Cùng Nhau,LOOPS Music,8,49,54,351259,1
45,spotify:track:5h1BN75CEh8wdSwE1xrbSe,V,Slow Dancing,BIGHIT MUSIC,2,34,20,349689,1
46,spotify:track:01qFKNWq73UfEslI0GvumE,"Jung Kook, Jack Harlow",3D (feat. Jack Harlow),BIGHIT MUSIC,2,42,18,346748,1
47,spotify:track:0gzpqwLf1jhNjnSJEyweAX,"Kuun Đức Nam, Linh Thộn",Tình cờ yêu em,MaiDao Music,12,46,23,341917,1
48,spotify:track:7LVrrX8pkzI9fMF88nGabt,"Đen, JustaTee",Đi Về Nhà,Đen,3,60,163,330701,1
49,spotify:track:72ictTz6o0dusD2QpCn4bn,"Wxrdie, Andree Right Hand, Machiot",TETVOVEN,M Music Records,39,43,9,329429,1
50,spotify:track:4XYIKLWUw0QYjcftHNvAYW,"GREY D, HIEUTHUHAI, Wren Evans, Obito",Dám Rực Rỡ,Universal Music Indochina,50,-1,1,321736,1
51,spotify:track:4qJSUFwZFouto5VZUlln75,"tlinh, Trung Trần",Thích Quá Rùi Nà,Universal Music Indochina Distributed Labels,34,53,176,316677,1
52,spotify:track:5ECHJ1llWBNYLVCYrllD3x,"Da LAB, Phương Ly",Chạy Khỏi Thế Giới Này,LOOPS Music,11,50,83,315506,1
53,spotify:track:7bFFUPBiF15n8m8RziqS4o,GREY D,dự báo thời tiết hôm nay mưa,M Music Records,7,56,63,314352,1
54,spotify:track:5BTzf3doGTigDIYUFtbkI9,"Emcee L (Da LAB), Da LAB, Badbies",Sinh Ra Đã Là Thứ Đối Lập Nhau (feat. Badbies),Yin Yang Media,5,54,162,312660,1
55,spotify:track:7CyPwkp0oE8Ro9Dd5CUDjW,"The Weeknd, JENNIE, Lily-Rose Depp","One Of The Girls (with JENNIE, Lily Rose Depp)",XO / Republic Records,11,51,32,305255,1
56,spotify:track:3440g8awr2l0E5Yy2X5Epk,RPT MCK,Tại Vì Sao,N0L4B3L,3,59,71,301101,1
57,spotify:track:7kpNUrBDYDoX6QKGzrBD1R,"RPT MCK, Trung Trần",Thôi Em Đừng Đi,N0L4B3L,8,58,48,297228,1
58,spotify:track:6Hs2xIgB8nzyGFDvVA8lFa,"Madihu, Low G",Có Em,NGUYEN CHI PHONG,4,52,93,296319,1
59,spotify:track:45Mswno1F7FoZkcmQkp7fi,Wren Evans,Thích Em Hơi Nhiều,Universal Music Indochina,1,57,137,291157,1
60,spotify:track:3hqOrxH5qPlvrApcb7Ac8c,Ronboogz,Lan Man,MaiDao Music,33,55,42,288726,1
61,spotify:track:4acXEYw7ayyJnm9GXDrqiL,"Binz, Nomovodka",Hit Me Up (feat. Nomovodka),Spacespeakers,4,44,15,286278,1
62,spotify:track:76dD9BdSOzsRJSGGBjOcUf,"HIEUTHUHAI, Negav, Kewtiie",ngủ một mình (tình rất tình),M Music Records,2,70,59,277385,1
63,spotify:track:255vSRpVq5YYKBJiem1BVx,Andree Right Hand,Chơi Như Tụi Mỹ,$maker Music,4,64,37,267280,1
64,spotify:track:5iZHnufFUgATzrpGgH1K0W,T.R.I,Ánh Sao Và Bầu Trời,Yin Yang Media,1,62,117,261327,1
65,spotify:track:3vkCueOmm7xQDoJ17W1Pm3,Mitski,My Love Mine All Mine,Dead Oceans,30,61,17,249430,1
66,spotify:track:6jcLKVmEKAQIXIVHJZ8vzS,"MONSTAR, GREY D, NICKY, VƯƠNG BÌNH",tình yêu chậm trễ,Yin Yang Media,46,68,60,249263,1
67,spotify:track:769IjpjHNrN36SPvj2ZBKu,HIEUTHUHAI,Nghe Như Tình Yêu,M Music Records,46,72,124,245842,1
68,spotify:track:27Z9T0mSWHYWSj9SNOGvyt,"JustaTee, Phương Ly",Thằng Điên,NGUYEN THANH TUAN,2,67,78,244000,1
69,spotify:track:3A0QLMQn0XqmCrJMInLhYg,"Low G, Obito, WOKEUP",Phong Long,Universal Music Indochina Distributed Labels,69,103,2,243984,1
70,spotify:track:3BlB5wlzdbgCJGkuPcNVIW,The Masked Singer,Khóa Ly Biệt,THE MASKED SINGER,53,65,12,243361,1
71,spotify:track:1xoadYaxtOp9gHDwgmPDuz,"JSOL, Hoàng Duyên",Sài Gòn Hôm Nay Mưa,Universal Music Indochina,3,69,140,239558,1
72,spotify:track:54UNNgtE3zzERwTuWSQLqd,"MONSTAR, GREY D, VƯƠNG BÌNH",có hẹn với thanh xuân,Yin Yang Media,5,77,133,234552,1
73,spotify:track:5cml547MByVlaVrKU2lJTg,"Andree Right Hand, Wxrdie, Bình Gold, 2pillz",Em iu,$maker Music,18,63,36,232634,1
74,spotify:track:2UtFCtiSoc30GJ4MUcHDKr,"Obito, Shiki",Tell the kids i love them,12 trái lê,30,71,16,226813,1
75,spotify:track:1J3SmWwlYAG68LGKr86MVH,Sơn Tùng M-TP,Chúng Ta Của Hiện Tại,Universal Music Indochina Distributed Labels,1,75,163,225752,1
76,spotify:track:21x7Ld7I7X7HQtDgS8al5Z,"Wren Evans, itsnk",Quyền Anh,Universal Music Indochina,35,73,7,223792,1
77,spotify:track:1MiJk3dXC5jzhvLFP0dUM7,Da LAB,Thức Giấc,Yin Yang Media,1,86,134,222863,1
78,spotify:track:5Bti0azlFhMattVY76qFr9,Vũ.,Lạ Lùng,WM Vietnam,17,66,304,222372,1
79,spotify:track:1465dD5VklIYHkKfcfirkU,"Wren Evans, itsnk",Tình Yêu Vĩ Mô,Universal Music Indochina,36,78,7,219289,1
80,spotify:track:4TMdpMJNQdcawl8JjZEwLk,Lãng,Nụ hôn Bisou,12 trái lê,10,74,28,218721,1
81,spotify:track:0eKIEiMHZv0pOxz4iGOXda,"Lil Wuyn, 16 BrT, 16 Typh",TOKYO Cypher,12 trái lê,45,80,13,214360,1
82,spotify:track:0vkExWiBJSrfWnlMC7x48b,UMIE,Không Yêu Xin Đừng Nói - Piano Version,LOOPS Music,37,88,48,213329,1
83,spotify:track:7kgzRBNkBRArtTPkYjWLYT,"14 Casper, Bon Nghiêm",bao tiền một mớ bình yên?,DANDERLÉON,9,81,145,211549,1
84,spotify:track:3QD2NfLEIvMRbzv2uTu4B7,Myra Trần,Anh Chưa Thương Em Đến Vậy Đâu,Sony Music Entertainment,6,93,56,208987,1
85,spotify:track:76KYaCx7UjHwlnrqzcovLZ,PC,10 Ngàn Năm,12 trái lê,61,84,86,208326,1
86,spotify:track:0Qs29ApstkrU5T8S5Hxazw,"BigDaddy, Emily",Ngõ Chạm,LOOPS Music,41,96,26,205027,1
87,spotify:track:6DyotcCWPqKQT8YWireU6L,Low G,Tán Gái 505,Rap Nhà Làm,65,85,37,204174,1
88,spotify:track:5uyNAX6MazVAjBjVeOsTvp,"W/N, Duongg, Nâu",3 1 0 7 (feat. Duongg & Nâu),"HONG AN ENTERTAIMENT,.JSC",11,87,182,202593,1
89,spotify:track:3ET3xHCLMGd57u06A9RjJ0,Ronboogz,Nói Dối,MaiDao Music,79,79,13,198545,1
90,spotify:track:1EmMFSLRVkOszCa4ul9z0F,"W/N, Duongg, Nau, titie",3107 3,Universal Music Indochina Distributed Labels,1,91,131,197399,1
91,spotify:track:1Vla7vXcM0zimotYpresDT,tlinh,tình yêu có nghĩa là gì?,Universal Music Indochina Distributed Labels,7,82,25,197298,1
92,spotify:track:0MJ5wKsPEeihONNfugHGy7,HYBS,Tip Toe,JUICEY,52,89,10,194623,1
93,spotify:track:7FX4Ae2nf5U6Y42AEMR9lc,"Wren Evans, itsnk",Lối Chơi (Interlude),Universal Music Indochina,48,92,7,194078,1
94,spotify:track:3vsmNXDJsCUt2ESWPwFaAv,"Wren Evans, itsnk",ĐĐĐ,Universal Music Indochina,56,97,7,190785,1
95,spotify:track:45PPoUgqs3JrhkZGEzSUHT,"W/N, ERIK, Nau","3107 4 (feat. Erik, Nâu)",Universal Music Indochina Distributed Labels,24,100,42,189511,1
96,spotify:track:3CyGK8BeJ5iCunpzvHyINs,B Ray,Anh Luôn Như Vậy,MIXUS,10,95,17,187728,1
97,spotify:track:4Iz5EWPCAT8jYNk4IpLoll,buitruonglinh,Dù Cho Mai Về Sau,Yin Yang Media,10,106,150,184530,1
98,spotify:track:7h2zqUH4bYyknNUxsYnS5V,"PhucXp, Freak D",Như Anh Đã Thấy Em,MaiDao Music,33,98,58,182878,1
99,spotify:track:5yNB5nPXblrSwtS9d0ssAU,"W/N, 267",id 2022 (feat. 267),W NATION,61,76,5,180747,1
100,spotify:track:4vfhartd7HDWGJbdVIycEu,Sơn Tùng M-TP,Muộn Rồi Mà Sao Còn,Universal Music Indochina Distributed Labels,1,107,145,180151,1
101,spotify:track:1fh5Sf3fFESFOS8D82RQiI,"AMEE, Hoàng Dũng",từ thích thích thành thương thương,Yin Yang Media,6,101,115,179386,1
102,spotify:track:1dUmmBh2nw8XzEI3au0uFs,Thịnh Suy,Chết Trong Em,InQ International,4,104,66,176818,1
103,spotify:track:2ctmaWoBxLBYiZB7AKmK1D,Low G,Bảo Tàng,Nhà Hóa Học Đống Đa,33,99,9,176472,1
104,spotify:track:3AejRjgBsFV4HWHjJmmEP7,"GREY D, Orange, Kai Đinh",lời tạm biệt chưa nói,Universal Music Indochina Distributed Labels,22,109,80,174733,1
105,spotify:track:5qbjUmVV1yOOjcMOInNPYD,"Kai Đinh, MIN, GREY D",để tôi ôm em bằng giai điệu này,Yin Yang Media,18,116,58,173172,1
106,spotify:track:4AgFXIVT7hVhBZ5DEOaLu3,Thịnh Suy,tiny love,Yin Yang Media,3,110,113,172981,1
107,spotify:track:57FeZINjlat9NLEhYUejmd,"VSOUL, MFREE, TUYEN VO",NGTANOISE,VSOUL,83,114,29,172179,1
108,spotify:track:2Npr9vbXuQYcpnsouBIrHU,"The Masked Singer, Voi Bản Đôn",Ngày Mai Người Ta Lấy Chồng (feat. Voi Bản Đôn),THE MASKED SINGER,39,123,24,170018,1
109,spotify:track:1RGA13K66cABN7nYek6WNk,Madihu,Không Còn Em,WM Vietnam,17,105,28,169649,1
110,spotify:track:5J90ah0ppUSev1uahqQiN6,"Andiez, AMEE",Anh Đánh Rơi Người Yêu Này,MaiDao Music,19,119,65,167009,1
111,spotify:track:3DLtPObflLQBodZN8qGODT,"JustaTee, BigDaddy",2AM,WM Vietnam,18,122,92,166652,1
112,spotify:track:0bqiS4Vi6vWtOj9woYfAJM,tlinh,đừng làm nó phức tạp,Universal Music Indochina Distributed Labels,112,-1,1,166639,1
113,spotify:track:1BxfuPKGuaTgP7aM0Bbdwr,Taylor Swift,Cruel Summer,Taylor Swift,5,102,40,166314,1
114,spotify:track:3rigEvSPZYJI3rAt9gVdXy,"Gill, tlinh, Kewtiie",Mắt Xanh,M Music Records,60,132,56,165242,1
115,spotify:track:2WOpp4vm16unl0N3i3BNNv,"NÂN, Ngơ",Tình Đắng Như Ly Cà Phê,nân,15,141,213,165048,1
116,spotify:track:0M5Vaj3y4yhNQ1PX471F8P,"BAN, CoolKid",MD Anniversary,M Music Records,52,108,15,164861,1
117,spotify:track:2qWP5ZarXRsdmxzz3L3BtP,"SUNI Hạ Linh, Hoàng Dũng, GREY D, Orange, tlinh",có hẹn với thanh xuân,Universal Music Indochina Distributed Labels,27,129,79,161829,1
118,spotify:track:7j3XQm7RR8T2EzaYtYK4rc,"W/N, Tezzy, Tien",Crush 2,RioX Records,61,118,84,161485,1
119,spotify:track:6uxuJ8Fr1AAfSPJUF9N1yr,Vũ.,Bước Qua Mùa Cô Đơn,WM Vietnam,1,111,164,161462,1
120,spotify:track:25edeHHueINMguqu9emCyV,"Đen, Phương Anh Đào",Lối Nhỏ,Đen,1,133,223,161138,1
121,spotify:track:2n00rcPaXcWfFB9irOKOmh,Ronboogz,Anh Chỉ Muốn,MaiDao Music,117,117,3,159641,1
122,spotify:track:1sEOTXdVl8X7SzuJi0P1cq,"Dept, Ashley Alisha",Van Gogh (feat. Ashley Alisha),WM Korea,41,113,9,157732,1
123,spotify:track:7oBUoEbCDF748UkHnLusUB,Thịnh Suy,Chuyện Rằng,Yin Yang Media,5,125,182,157267,1
124,spotify:track:59LeatGytui1mQleoiEnWM,"Wren Evans, itsnk",Việt Kiều,Universal Music Indochina,57,127,9,156269,1
125,spotify:track:6iXGivPFpsqKmrINhIbPvx,Lynk Lee,Buồn Thì Cứ Khóc Đi,Lynk Lee,10,134,214,156051,1
126,spotify:track:7AD5F85waSb3yZxZxEXhJM,"Tóc Tiên, Touliver",Có Ai Thương Em Như Anh,Yin Yang Media,20,137,87,155676,1
127,spotify:track:6A1IbMKwjvXibcrU1sdqKH,"MONO, Onionn.",Em Là,M Music Records,8,124,73,155516,1
128,spotify:track:3k6q0O9JnO2GhvD6C8fs20,Jimin,Closer Than This,BIGHIT MUSIC,3,94,6,155394,1
129,spotify:track:3nw5vYaH4qVx8joq3qhtNx,Low G,Okeokeoke,Rap Nhà Làm,103,112,43,155035,1
130,spotify:track:07tiPBhMqiKqHowwqDBtfK,"W/N, 267",id T41104 (feat. 267),W NATION,26,121,13,153628,1
131,spotify:track:0hiQvlWSSTr7n1kc1X2Lus,"HIEUTHUHAI, Harmonie",Bật Nhạc Lên,GERDNANG,59,150,171,153192,1
132,spotify:track:4S0uLMXRoAjFfIJOW7A8aW,Rhymastic,Nến Và Hoa,WM Vietnam,2,138,190,153015,1
133,spotify:track:2BDE7KducbOuOPY4tlERyJ,Bình Gold,Trăng Hoa Mây Mưa,Binh Gold,133,146,2,152984,1
134,spotify:track:4N99EuIjwSSFFFMDfTeOLU,"buitruonglinh, Vũ Phụng Tiên",Em Không Khóc (feat. Vũ Phụng Tiên),Yin Yang Media,106,131,67,152838,1
135,spotify:track:1yo967mk7CpjvruNxBecOY,Thắng,Trước Khi Em Tồn Tại,Thắng,22,120,37,151540,1
136,spotify:track:7fNHfgOxPLcg4mQLhCnOHB,"Rapital, Groovie Lã Thắng, tlinh, RPT MCK",XTC (Xích Thêm Chút) (Remix),M Music Records,87,140,135,150821,1
137,spotify:track:1GJ3suxtUVaguVQRemw6Zp,Andiez,Suýt Nữa Thì...,MaiDao Music,82,139,82,149706,1
138,spotify:track:7h69br1nQFSSgdVQp6sPx6,"HIEUTHUHAI, B Ray, Tage",Không Phải Gu,M Music Records,51,161,16,149246,1
139,spotify:track:0Rx4GFPy8ISxPhRwkjl64b,AMEE,"ex's hate me, Pt.2",Yin Yang Media,13,171,74,148874,1
140,spotify:track:0tWqngfOXKN1xOlYK4WwVw,Sơn Tùng M-TP,Âm Thầm Bên Em,Universal Music Indochina Distributed Labels,35,136,171,148539,1
141,spotify:track:7eDrdQ7PK9Xm1CZCKWsgmH,"Vũ., TRANG",Anh Nhớ Ra (feat. TRANG),WM Vietnam,19,128,68,148210,1
142,spotify:track:3b34161QoxLwsqhWSPy9i5,Da LAB,Thanh Xuân,Sony Music Entertainment,1,135,284,146199,1
143,spotify:track:4YSryHqsD82Krc81l1EJD5,"tlinh, 2pillz, WOKEUP",ghệ iu dấu của em ơi,Universal Music Indochina Distributed Labels,8,145,49,145618,1
144,spotify:track:0QzuaeCEEOV40Pn7IvKEny,Dhruv,double take,Little Worry/RCA Records,8,144,143,145479,1
145,spotify:track:62SFLTN7txImu8pQwBMP6A,"Tăng Duy Tân, Hoà Minzy",Bật Tình Yêu Lên,Big Arts Entertainment,4,126,50,144941,1
146,spotify:track:0pQ67Kp2kED4ISy1ieGPEq,"PC, Dick, tofutns",Ghé Qua,12 trái lê,64,149,176,143757,1
147,spotify:track:0wwfocY1CfXcKfMcWSoGXc,buitruonglinh,Yêu Người Có Ước Mơ,LOOPS Music,83,143,42,143670,1
148,spotify:track:2rGCYAabfA63PIzhQm7hVq,VSTRA,Internet Love,CDSL,56,155,108,142259,1
149,spotify:track:7td8DTWoGC9u9db37mGHX6,"Đen, PiaLinh",Nấu ăn cho em,Đen,8,-1,30,142159,1
150,spotify:track:1izPmgSW7FV6XFdEOiTvOY,"Changg, Minh Huy",Em Không Hiểu,Universal Music Indochina Distributed Labels,27,148,135,141317,1
151,spotify:track:2YF6BpVt9vvmrCSdYYLGpq,Uyên Linh,Anh - Uyên Linh Version,Universal Music Indochina Distributed Labels,115,115,3,141230,1
152,spotify:track:2zRzmGerfTxc2epZHgaTdh,"Ngọt, Đen",Cho Tôi Lang Thang,Ngọt,35,158,192,140935,1
153,spotify:track:4h3K653rm69JYWpO4du2BJ,Andiez,Chờ Đợi Có Đáng Sợ,Yin Yang Media,76,152,85,139747,1
154,spotify:track:0Lf0ydJp4nbcEkYgPtIUuD,Ronboogz,Khi Mà,MaiDao Music,147,147,9,139557,1
155,spotify:track:5Msoarj5hk9LguTtiIyqug,Đức Phúc,Ngày Đầu Tiên,Duc Phuc,2,167,101,139003,1
156,spotify:track:5AaHvf9iO6RydAIissh0kz,"Obito, Seachains",Simple Love,12 trái lê,156,159,9,138936,1
157,spotify:track:2nR51wakN5K3AJENqGaNg9,"Đen, MIN",Bài Này Chill Phết,Đen,1,160,244,137843,1
158,spotify:track:0cGpKQ8RxxLOFqhktEURIj,"UMI, V",wherever u r (ft. V of BTS),UMI Inc under exclusive license to Unitedmasters LLC,6,83,5,136951,1
159,spotify:track:1YbrWGgFMzIoO6FP1vN975,"Olew, Ngắn",Vườn Hoa Con Cá (feat. Ngắn),Sony Music Entertainment,125,130,4,136912,1
160,spotify:track:05X3a0YGmS1rbH50aL8lGF,"Văn Mai Hương, Hứa Kim Tuyền",Một Ngàn Nỗi Đau,Yin Yang Media,7,169,84,134238,1
161,spotify:track:0DtarPcErIh4skfFtxzomo,Tama,Ngày Em Đẹp Nhất,Tama,104,151,34,134098,1
162,spotify:track:41aMYNen9G7uUbqLfV65cF,"Rapital, RPT MCK, Phongkhin",Tay To,M Music Records,58,168,134,134017,1
163,spotify:track:71Q8QWLpvwvfQ6zM5BdCnm,"2T, Văn",Liệu Giờ,LOOPS Music,22,156,178,133270,1
164,spotify:track:2PYDUM2IC01FOTDLQdFxJP,"W/N, Duongg, Nau",3 1 0 7 - 2 (feat. DuongG & Nau),GUM GROUP,27,162,153,133077,1
165,spotify:track:38rjRVqEHSlDRrDWDvjkqW,Vũ.,Bước Qua Nhau,WM Vietnam,1,163,106,132605,1
166,spotify:track:1w3eUC89GPspKpi62tPwjt,Hoàng Dũng,Nàng Thơ,Yin Yang Media,2,170,181,131898,1
167,spotify:track:3rx7g2qRxKscgtQUiKwQvN,Phương Ly,ThichThich,PHUONG LY,9,175,80,131722,1
168,spotify:track:2nFXaYb2fWOoUJXMPb6y4C,"Obito, Shiki, Lăng LD",Đầu Đường Xó Chợ,12 trái lê,39,153,13,131684,1
169,spotify:track:2qc4FFBylFT5YhvMJMX50R,SOOBIN,Đi Để Trở Về,TTV Entertainment,51,-1,11,131082,1
170,spotify:track:3uT8QfoX0BE8ZJa4h98LDW,"Puppy, Dangrangto",Wrong Times,MaiDao Music,73,192,13,130939,1
171,spotify:track:1wvLeW8THXNent0N2sGSgF,Sáo,Ngồi Nhìn Em Khóc,Yin Yang Media,95,173,38,130571,1
172,spotify:track:50cmxP6KlnQA9IG3q5ckKD,Chillies,Mascara,WM Vietnam,3,166,175,128546,1
173,spotify:track:3XEspwit4d8gwKKgeopfCv,"Sean, Lửa",Em Thích,MaiDao Music,65,174,55,128221,1
174,spotify:track:7gaA3wERFkFkgivjwbSvkG,Ariana Grande,"yes, and?",Republic Records,38,90,3,127909,1
175,spotify:track:40fjFtLBN98eDzOS4NfXs5,"Da LAB, Tóc Tiên",Nước Mắt Em Lau Bằng Tình Yêu Mới,MUNIZ MUSIC COMPANY LIMITED,114,197,54,127777,1
176,spotify:track:37GNTP4wB0QSkUwcTWLHKg,"Low G, Wren Evans",Fashion Tán Gái,Universal Music Pte. Ltd. Distributed Labels,53,182,12,126436,1
177,spotify:track:3rUGC1vUpkDG9CZFHMur1t,Tate McRae,greedy,RCA Records Label,107,157,17,126129,1
178,spotify:track:6Ov6L8Iy0SMEl9w1TOUvaG,"Wxrdie, WOKEUP, 2pillz",Vinflow,LOOPS Music,142,142,14,125435,1
179,spotify:track:2c0QMztYu6PCfFrGLqHXIV,"Phí Phương Anh, RIN9",Răng Khôn (feat. RIN9),Yin Yang Media,6,178,101,124094,1
180,spotify:track:7paCdW3grnoEi95tjO1OkG,Thịnh Suy,Thắc Mắc?,InQ International,137,172,8,123980,1
181,spotify:track:0SmQ0UWeiHKQtxUej4Rem6,SOOBIN,Tháng Năm,Spacespeakers,6,-1,115,123583,1
182,spotify:track:5MiIaWMDwGGWHY56oXRhlJ,"Văn Mai Hương, GREY D, Trung Quân",Mưa Tháng Sáu,Yin Yang Media,6,-1,24,123030,1
183,spotify:track:6zrQLaZG0OlT63oUDwFKri,Low G,Càng Cua,Nhà Hóa Học Đống Đa,66,164,22,122349,1
184,spotify:track:4UcFlH0e5B6KwFkFuSYqGo,Sơn Tùng M-TP,Một Năm Mới Bình An,Universal Music Indochina Distributed Labels,60,-1,8,122078,1
185,spotify:track:3J3nv18iIrOhca1ZWNeuyW,JustaTee,Đã Lỡ Yêu Em Nhiều,NGUYEN THANH TUAN,36,185,66,121872,1
186,spotify:track:2a5hng9yXtbjtTVVm9UviC,Vũ Cát Tường,Mơ,Universal Music Indochina Distributed Labels,132,188,78,121808,1
187,spotify:track:6QqLjFssCtiZWKET97Qv3n,Sơn Tùng M-TP,Nơi Này Có Anh,Universal Music Indochina Distributed Labels,5,190,246,121548,1
188,spotify:track:4MRXbWH2BzuUZcoabj6HRh,Táo,Blue Tequila,Yin Yang Media,26,187,173,120139,1
189,spotify:track:34zLev2Poav7NqDi6zWTtb,"Hoàng Thùy Linh, JustaTee, Đen",Làm Gì Phải Hốt,NGUYEN THANH TUAN,16,-1,112,119961,1
190,spotify:track:2cJyuhqcXvd6ccvAn8NXsL,tlinh,thế giới thần tiên,Universal Music Indochina Distributed Labels,62,189,23,119770,1
191,spotify:track:1ecVks3GJX8U67DvhVDVBn,AMEE,trời giấu trời mang đi,Yin Yang Media,52,186,53,119733,1
192,spotify:track:2aRg0cOGQ5k0rs3AK5nJPD,"Wxrdie, RPT JasonDilla, 24k.Right",Nhạc Trap Căng Nhất 2023,LOOPS Music,116,181,15,118963,1
193,spotify:track:3y6kYOBeVg8jtUiBdTR0pD,"Tùng TeA, PC, TaynguyenSound",Già Cùng Nhau Là Được,12 trái lê,70,183,100,118752,1
194,spotify:track:3VpQYlxX46P0yZ2D4xLk8A,Captain,Quên Dần Quên,MaiDao Music,154,154,3,118207,1
195,spotify:track:5YiqPAVbiFUj1G1qvbXo0X,Chillies,Giấc Mơ Khác,WM Vietnam,14,165,51,118144,1
196,spotify:track:5odlY52u43F5BjByhxg7wg,JVKE,golden hour,JVKE,6,179,66,117723,1
197,spotify:track:5nD5PVXUkIpv0WcwfNFrgS,"Orange, Hoàng Dũng",Khi Em Lớn,Orange,4,193,138,116748,1
198,spotify:track:1K3CXUYKhLYN7koLW5WQjX,Thắng,Xin Lỗi,Thắng,5,-1,37,116336,1
199,spotify:track:5PyDJG7SQRgWXefgexqIge,Doja Cat,Agora Hills,Kemosabe Records/RCA Records,82,184,15,116005,1
200,spotify:track:2QUU1AtY5fndKDNbr17EFk,tlinh,người điên,Universal Music Indochina Distributed Labels,10,-1,23,116004,1
1,spotify:track:2HRgqmZQC0MC7GeNuDIXHN,"Jung Kook, Latto",Seven (feat. Latto) (Explicit Ver.),BIGHIT MUSIC,1,1,33,1217784,2
2,spotify:track:0paWX66K9n7sYR9AkKkyzB,Beat Record,Standing Next to You - Sped Up - Remix,Pablo Nunes,1,2,17,977406,2
3,spotify:track:36OyVzUmUFb1MTTzy3YXbh,Phan Mạnh Quỳnh,"Sau Lời Từ Khước (Theme Song From ""MAI"")",Yin Yang Media,3,3,2,964968,2
4,spotify:track:4qYfRfSxsmhJ1WMaywtLyI,"Wren Evans, itsnk",Từng Quen,Universal Music Indochina,1,4,18,716244,2
5,spotify:track:1bG6Q8sR8jda7ryI365y8o,"Vũ., Dear Jane",Những Lời Hứa Bỏ Quên,WM Vietnam,1,5,11,713740,2
6,spotify:track:2N0SPREDYqILVEFSsWF5N5,V,Love Me Again,BIGHIT MUSIC,2,6,29,670047,2
7,spotify:track:3Ua0m0YmEjrMi9XErKcNiR,Jimin,Like Crazy,BIGHIT MUSIC,1,9,49,629853,2
8,spotify:track:1khMN4Adfi3LrZvxOq4YM5,"VSOUL, RPT MCK, Obito, Ronboogz, Boyzed","Buồn Hay Vui (feat. RPT MCK, Obito, Ronboogz & Boyzed)",12 trái lê,3,10,10,562293,2
9,spotify:track:0X28PqBpbQhWdi4usYw0w5,"Wren Evans, itsnk",Tò Te Tí,Universal Music Indochina,3,8,11,553185,2
10,spotify:track:3ZbZtdEw9U0uZW4tZItIwq,"RHYDER, CoolKid, BAN",Chịu Cách Mình Nói Thua,RHYDER,6,11,14,523509,2
11,spotify:track:3K7RddI2L8Wiv7uIbrhfLc,"The Masked Singer, Lâm Bảo Ngọc, Hứa Kim Tuyền",Rồi Em Sẽ Gặp Một Chàng Trai Khác,THE MASKED SINGER,11,15,15,511846,2
12,spotify:track:4NTanSVXBkQ2NmDEbr2vLE,"Kai Đinh, GREY D, Hoàng Thùy Linh",Trái đất ôm Mặt trời,Yin Yang Media,8,12,10,499994,2
13,spotify:track:5J3m0taZ0W1E9HTE0MwcSv,Low G,Simp Gái 808,Rap Nhà Làm,9,13,20,472587,2
14,spotify:track:4exlWP8cokkWVCvyP3kg7c,"tlinh, 2pillz",nếu lúc đó,Universal Music Indochina Distributed Labels,1,18,52,456039,2
15,spotify:track:0hhF4SJHEosOwZ7gbjgmbf,HIEUTHUHAI,Không Thể Say,M Music Records,7,16,45,448392,2
16,spotify:track:6IHLOkgZftkcqS3fM0jMCT,"MONO, Onionn.",Em Xinh,M Music Records,10,17,9,447977,2
17,spotify:track:5C1O3fpMsiisJpHiB1uuDf,"52Hz, RIO",ĐỢI (Prod. RIO),DAO Entertainment,14,19,8,446788,2
18,spotify:track:2kauMp3YNHXULGXyJh4321,"Wren Evans, itsnk",Phóng Đổ Tim Em,Universal Music Indochina,9,14,11,446547,2
19,spotify:track:7jLSThU5Kg1RWt19Leiaxm,"RPT MCK, Trung Trần",Chìm Sâu,N0L4B3L,1,20,105,424279,2
20,spotify:track:0kHgteR4TV4LO80wrasDSR,"Karik, GDucky",Bạn Đời,WM Vietnam,5,21,22,415461,2
21,spotify:track:4jWmhzf53Q0ZvZMuGdiR9x,"WEAN, tlinh",shhhhhhh..,WEAN,9,22,21,407578,2
22,spotify:track:4fj4Jn4nw8fGX8xdbCntJf,"CoolKid, RHYDER",Sau Cơn Mưa,MaiDao Music,22,30,26,397162,2
23,spotify:track:0SLhB9JLM4Ksz1XdwK3aQD,"Obito, Shiki, VSTRA",Hà Nội,12 trái lê,11,28,21,396058,2
24,spotify:track:2doGmsaPLdot51o80juiYU,"Obito, Shiki, RPT MCK",Đánh Đổi,12 trái lê,7,23,21,393157,2
25,spotify:track:6KgZf5gZgF1KLNxq1qZgHP,Phương Ly,Anh Là Ngoại Lệ Của Em,WM Vietnam,7,27,21,388825,2
26,spotify:track:3UX7FjJDl6RodnWekzFwEB,"HIEUTHUHAI, marzuz",Exit Sign,M Music Records,24,25,20,387217,2
27,spotify:track:3vWCRttEOSRmXZs8jfAPSX,Ngọt,01 Chuyện Dở Dang,Ngọt,27,-1,1,368503,2
28,spotify:track:3YctJXK6kznnWl68TnYobN,RPT MCK,Anh Đã Ổn Hơn,N0L4B3L,3,24,52,365192,2
29,spotify:track:3A9A7mfVDVm3rrS9SMGhg5,Kha,Hư không,MaiDao Music,29,31,7,364661,2
30,spotify:track:4CUvVaAYuXtvYURLFz7EIL,"Emcee L (Da LAB), Da LAB, Muộii (Starry Night)",Chuyện Đôi Ta (feat. Muộii),Yin Yang Media,3,29,117,362084,2
31,spotify:track:0tGmDUHDoT8pxYhgAT3yNG,"Wren Evans, itsnk",bé ơi từ từ,Universal Music Indochina,8,26,11,360874,2
32,spotify:track:2JuHIbFudHwDqQssgqsH3i,"Vũ Phụng Tiên, DT Tập Rap, Drum7",Lệ Lưu Ly,Big Arts Entertainment,6,33,23,357564,2
33,spotify:track:6VXVYATpQXEIoZ97NnWCmn,"Madihu, Vũ.",Vì Anh Đâu Có Biết,WM Vietnam,2,32,82,357131,2
34,spotify:track:01qFKNWq73UfEslI0GvumE,"Jung Kook, Jack Harlow",3D (feat. Jack Harlow),BIGHIT MUSIC,2,35,22,356781,2
35,spotify:track:1o6cYDMHvKOfizi4d9Lqxr,W/N,id 072019,Universal Music Indochina Distributed Labels,3,40,31,349761,2
36,spotify:track:25h0TqC9H3BcMA7KjK5nHK,"GREY D, tlinh",vaicaunoicokhiennguoithaydoi,M Music Records,2,39,89,347130,2
37,spotify:track:2uZmeuNAxSm7XfVIwLkhCx,Ronboogz,nhắn nhủ,MaiDao Music,27,34,11,338517,2
38,spotify:track:5f4u0kPnU21qNe6fXgAUiV,"BigDaddy, Emily",Yêu Nắm,Yin Yang Media,38,61,2,332277,2
39,spotify:track:3ukrFH17Zl6iEZ2QJ1Zwiy,"RPT Orijinn, Ronboogz",Don't Côi,Rapital,3,38,62,328618,2
40,spotify:track:28bxbqNcAuNxYDZYet6eZ7,"RPT MCK, tlinh",Chỉ Một Đêm Nữa Thôi,N0L4B3L,9,37,52,325335,2
41,spotify:track:7Ebm9NxzNhUX2FxzBl1kwm,"Ngọt, Thỏ Trauma",02 Mơ Làm Ma,Ngọt,41,-1,1,321439,2
42,spotify:track:5T6j0rfpCDBzAxC8Fpd0N7,"Low G, Thắng",An Thần,Rap Nhà Làm,2,41,123,316931,2
43,spotify:track:1VNWdmXSbaNrnWod10WIL0,"The Weeknd, JENNIE, Lily-Rose Depp","One Of The Girls (with JENNIE, Lily Rose Depp)",Universal Republic Records,11,50,36,316551,2
44,spotify:track:3a2Oftcs10wtzw6AmxuTMU,Olew,Rồi Ta Sẽ Ngắm Pháo Hoa Cùng Nhau,LOOPS Music,8,45,58,314059,2
45,spotify:track:4X2vrRE8Pi5hBMbWRjofAU,HIEUTHUHAI,NOLOVENOLIFE,M Music Records,24,36,20,311596,2
46,spotify:track:7tFwBnuaGXqiiONukPRaCo,Minh Huy,Miên Man,LOOPS Music,11,42,26,308801,2
47,spotify:track:08ULi904W2Po6pVj8nN7KC,"GREY D, Chillies",đưa em về nhàa,M Music Records,3,43,45,302526,2
48,spotify:track:5BTzf3doGTigDIYUFtbkI9,"Emcee L (Da LAB), Da LAB, Badbies",Sinh Ra Đã Là Thứ Đối Lập Nhau (feat. Badbies),Yin Yang Media,5,44,166,298725,2
49,spotify:track:5ECHJ1llWBNYLVCYrllD3x,"Da LAB, Phương Ly",Chạy Khỏi Thế Giới Này,LOOPS Music,11,52,87,275722,2
50,spotify:track:0gzpqwLf1jhNjnSJEyweAX,"Kuun Đức Nam, Linh Thộn",Tình cờ yêu em,MaiDao Music,12,58,27,267387,2
51,spotify:track:0dBKcPEAsdxWJsqNDNHcPz,"Andree Right Hand, RHYDER, WOKEUP",Dân Chơi Sao Phải Khóc,$maker Music,16,47,8,262959,2
52,spotify:track:4qJSUFwZFouto5VZUlln75,"tlinh, Trung Trần",Thích Quá Rùi Nà,Universal Music Indochina Distributed Labels,34,46,180,259901,2
53,spotify:track:3ztP5O7dJSha2PG429eUCb,Jack - J97,Thiên Lý Ơi,MIXUS,53,-1,1,257637,2
54,spotify:track:3XCp5o1FUpAH0aj2Hmj5yz,"Wren Evans, itsnk",Call Me,Universal Music Indochina,12,48,29,253098,2
55,spotify:track:76dD9BdSOzsRJSGGBjOcUf,"HIEUTHUHAI, Negav, Kewtiie",ngủ một mình (tình rất tình),M Music Records,2,51,63,252008,2
56,spotify:track:7bFFUPBiF15n8m8RziqS4o,GREY D,dự báo thời tiết hôm nay mưa,M Music Records,7,55,67,250879,2
57,spotify:track:18iADruKMXIloyA9vCJXFE,"An Vũ, Sino",Chàng Trai Bất Tử,Yin Yang Media,56,60,4,244259,2
58,spotify:track:5iZHnufFUgATzrpGgH1K0W,T.R.I,Ánh Sao Và Bầu Trời,Yin Yang Media,1,64,121,241743,2
59,spotify:track:3vkCueOmm7xQDoJ17W1Pm3,Mitski,My Love Mine All Mine,Dead Oceans,30,59,21,240940,2
60,spotify:track:24eClW0wZh5fFEFwsUWdSG,"Wren Evans, itsnk",Cầu Vĩnh Tuy,Universal Music Indochina,16,49,11,240758,2
61,spotify:track:6Hs2xIgB8nzyGFDvVA8lFa,"Madihu, Low G",Có Em,NGUYEN CHI PHONG,4,53,97,238308,2
62,spotify:track:3hqOrxH5qPlvrApcb7Ac8c,Ronboogz,Lan Man,MaiDao Music,33,66,46,228441,2
63,spotify:track:6yLbighkE0kn1OH9zd4aBi,Ngọt,03 Hay Là,Ngọt,63,-1,1,227833,2
64,spotify:track:3440g8awr2l0E5Yy2X5Epk,RPT MCK,Tại Vì Sao,N0L4B3L,3,63,75,223862,2
65,spotify:track:27Z9T0mSWHYWSj9SNOGvyt,"JustaTee, Phương Ly",Thằng Điên,NGUYEN THANH TUAN,2,69,82,222338,2
66,spotify:track:1xoadYaxtOp9gHDwgmPDuz,"JSOL, Hoàng Duyên",Sài Gòn Hôm Nay Mưa,Universal Music Indochina,3,65,144,221773,2
67,spotify:track:3BlB5wlzdbgCJGkuPcNVIW,The Masked Singer,Khóa Ly Biệt,THE MASKED SINGER,53,71,16,220717,2
68,spotify:track:4XYIKLWUw0QYjcftHNvAYW,"GREY D, HIEUTHUHAI, Wren Evans, Obito",Dám Rực Rỡ,Universal Music Indochina,50,57,5,220377,2
69,spotify:track:2CFC7iLurCyDYuXQcfem2l,Quang Hùng MasterD,Thủy Triều,Quang Hùng MasterD,69,82,2,220121,2
70,spotify:track:5h1BN75CEh8wdSwE1xrbSe,V,Slow Dancing,BIGHIT MUSIC,2,56,24,219573,2
71,spotify:track:255vSRpVq5YYKBJiem1BVx,Andree Right Hand,Chơi Như Tụi Mỹ,$maker Music,4,67,41,218359,2
72,spotify:track:1vshOAKaZpnnrJF9QvcKd1,Em Ellata,Ngày ấy (Yesterday),Em Ellata,72,121,2,217770,2
73,spotify:track:6jcLKVmEKAQIXIVHJZ8vzS,"MONSTAR, GREY D, NICKY, VƯƠNG BÌNH",tình yêu chậm trễ,Yin Yang Media,46,73,64,217452,2
74,spotify:track:72ictTz6o0dusD2QpCn4bn,"Wxrdie, Andree Right Hand, Machiot",TETVOVEN,M Music Records,39,62,13,216673,2
75,spotify:track:0vkExWiBJSrfWnlMC7x48b,UMIE,Không Yêu Xin Đừng Nói - Piano Version,LOOPS Music,37,77,52,215841,2
76,spotify:track:769IjpjHNrN36SPvj2ZBKu,HIEUTHUHAI,Nghe Như Tình Yêu,M Music Records,46,72,128,214859,2
77,spotify:track:4acXEYw7ayyJnm9GXDrqiL,"Binz, Nomovodka",Hit Me Up (feat. Nomovodka),Spacespeakers,4,70,19,213399,2
78,spotify:track:7LVrrX8pkzI9fMF88nGabt,"Đen, JustaTee",Đi Về Nhà,Đen,3,54,167,211276,2
79,spotify:track:7kpNUrBDYDoX6QKGzrBD1R,"RPT MCK, Trung Trần",Thôi Em Đừng Đi,N0L4B3L,8,68,52,208422,2
80,spotify:track:0MJ5wKsPEeihONNfugHGy7,HYBS,Tip Toe,JUICEY,52,88,14,206689,2
81,spotify:track:1MiJk3dXC5jzhvLFP0dUM7,Da LAB,Thức Giấc,Yin Yang Media,1,79,138,205507,2
82,spotify:track:6e7oHe23DEca4sEOgu5bPd,"Ngọt, Quyền Thiện Đắc",04 Thắp Hương 05 Hoá Vàng,Ngọt,82,-1,1,203319,2
83,spotify:track:5uyNAX6MazVAjBjVeOsTvp,"W/N, Duongg, Nâu",3 1 0 7 (feat. Duongg & Nâu),"HONG AN ENTERTAIMENT,.JSC",11,80,186,203045,2
84,spotify:track:0eKIEiMHZv0pOxz4iGOXda,"Lil Wuyn, 16 BrT, 16 Typh",TOKYO Cypher,12 trái lê,45,75,17,202781,2
85,spotify:track:7kgzRBNkBRArtTPkYjWLYT,"14 Casper, Bon Nghiêm",bao tiền một mớ bình yên?,DANDERLÉON,9,81,149,201952,2
86,spotify:track:2UtFCtiSoc30GJ4MUcHDKr,"Obito, Shiki",Tell the kids i love them,12 trái lê,30,78,20,198602,2
87,spotify:track:1EmMFSLRVkOszCa4ul9z0F,"W/N, Duongg, Nau, titie",3107 3,Universal Music Indochina Distributed Labels,1,86,135,197246,2
88,spotify:track:1BxfuPKGuaTgP7aM0Bbdwr,Taylor Swift,Cruel Summer,Taylor Swift,5,84,44,192719,2
89,spotify:track:0Qs29ApstkrU5T8S5Hxazw,"BigDaddy, Emily",Ngõ Chạm,LOOPS Music,41,87,30,191726,2
90,spotify:track:3QD2NfLEIvMRbzv2uTu4B7,Myra Trần,Anh Chưa Thương Em Đến Vậy Đâu,Sony Music Entertainment,6,85,60,191027,2
91,spotify:track:1J3SmWwlYAG68LGKr86MVH,Sơn Tùng M-TP,Chúng Ta Của Hiện Tại,Universal Music Indochina Distributed Labels,1,76,167,188678,2
92,spotify:track:45Mswno1F7FoZkcmQkp7fi,Wren Evans,Thích Em Hơi Nhiều,Universal Music Indochina,1,74,141,188538,2
93,spotify:track:2O4Bb2WCkjlTPO827OnBMI,LE SSERAFIM,EASY,SOURCE MUSIC,93,185,2,185316,2
94,spotify:track:76KYaCx7UjHwlnrqzcovLZ,PC,10 Ngàn Năm,12 trái lê,61,91,90,183370,2
95,spotify:track:54UNNgtE3zzERwTuWSQLqd,"MONSTAR, GREY D, VƯƠNG BÌNH",có hẹn với thanh xuân,Yin Yang Media,5,90,137,181727,2
96,spotify:track:6iXGivPFpsqKmrINhIbPvx,Lynk Lee,Buồn Thì Cứ Khóc Đi,Lynk Lee,10,113,218,179369,2
97,spotify:track:4TMdpMJNQdcawl8JjZEwLk,Lãng,Nụ hôn Bisou,12 trái lê,10,83,32,174623,2
98,spotify:track:1dUmmBh2nw8XzEI3au0uFs,Thịnh Suy,Chết Trong Em,InQ International,4,104,70,173078,2
99,spotify:track:5cml547MByVlaVrKU2lJTg,"Andree Right Hand, Wxrdie, Bình Gold, 2pillz",Em iu,$maker Music,18,89,40,172088,2
100,spotify:track:5Bti0azlFhMattVY76qFr9,Vũ.,Lạ Lùng,WM Vietnam,17,94,308,172082,2
101,spotify:track:7h2zqUH4bYyknNUxsYnS5V,"PhucXp, Freak D",Như Anh Đã Thấy Em,MaiDao Music,33,99,62,171193,2
102,spotify:track:3ET3xHCLMGd57u06A9RjJ0,Ronboogz,Nói Dối,MaiDao Music,79,106,17,170910,2
103,spotify:track:33S16Xa5cZmLPhn6eZI4Nm,"52Hz, WEAN, RIO",ĐỢI (SPECIAL VERSION) [ft. WEAN],DAO Entertainment,102,102,4,170907,2
104,spotify:track:45PPoUgqs3JrhkZGEzSUHT,"W/N, ERIK, Nau","3107 4 (feat. Erik, Nâu)",Universal Music Indochina Distributed Labels,24,109,46,169136,2
105,spotify:track:2Npr9vbXuQYcpnsouBIrHU,"The Masked Singer, Voi Bản Đôn",Ngày Mai Người Ta Lấy Chồng (feat. Voi Bản Đôn),THE MASKED SINGER,39,115,28,162364,2
106,spotify:track:1K3CXUYKhLYN7koLW5WQjX,Thắng,Xin Lỗi,Thắng,5,117,41,162158,2
107,spotify:track:25edeHHueINMguqu9emCyV,"Đen, Phương Anh Đào",Lối Nhỏ,Đen,1,92,227,162048,2
108,spotify:track:3AejRjgBsFV4HWHjJmmEP7,"GREY D, Orange, Kai Đinh",lời tạm biệt chưa nói,Universal Music Indochina Distributed Labels,22,107,84,161461,2
109,spotify:track:1yo967mk7CpjvruNxBecOY,Thắng,Trước Khi Em Tồn Tại,Thắng,22,118,41,161128,2
110,spotify:track:6DyotcCWPqKQT8YWireU6L,Low G,Tán Gái 505,Rap Nhà Làm,65,95,41,161019,2
111,spotify:track:4N99EuIjwSSFFFMDfTeOLU,"buitruonglinh, Vũ Phụng Tiên",Em Không Khóc (feat. Vũ Phụng Tiên),Yin Yang Media,106,114,71,160474,2
112,spotify:track:7td8DTWoGC9u9db37mGHX6,"Đen, PiaLinh",Nấu ăn cho em,Đen,8,110,34,160360,2
113,spotify:track:1Vla7vXcM0zimotYpresDT,tlinh,tình yêu có nghĩa là gì?,Universal Music Indochina Distributed Labels,7,119,29,158751,2
114,spotify:track:5J90ah0ppUSev1uahqQiN6,"Andiez, AMEE",Anh Đánh Rơi Người Yêu Này,MaiDao Music,19,120,69,157328,2
115,spotify:track:4AgFXIVT7hVhBZ5DEOaLu3,Thịnh Suy,tiny love,Yin Yang Media,3,101,117,156507,2
116,spotify:track:3b34161QoxLwsqhWSPy9i5,Da LAB,Thanh Xuân,Sony Music Entertainment,1,126,288,155037,2
117,spotify:track:1sEOTXdVl8X7SzuJi0P1cq,"Dept, Ashley Alisha",Van Gogh (feat. Ashley Alisha),WM Korea,41,142,13,154644,2
118,spotify:track:1GJ3suxtUVaguVQRemw6Zp,Andiez,Suýt Nữa Thì...,MaiDao Music,82,133,86,153017,2
119,spotify:track:2qWP5ZarXRsdmxzz3L3BtP,"SUNI Hạ Linh, Hoàng Dũng, GREY D, Orange, tlinh",có hẹn với thanh xuân,Universal Music Indochina Distributed Labels,27,123,83,152333,2
120,spotify:track:7j3XQm7RR8T2EzaYtYK4rc,"W/N, Tezzy, Tien",Crush 2,RioX Records,61,103,88,151887,2
121,spotify:track:0hiQvlWSSTr7n1kc1X2Lus,"HIEUTHUHAI, Harmonie",Bật Nhạc Lên,GERDNANG,59,111,175,151349,2
122,spotify:track:2zRzmGerfTxc2epZHgaTdh,"Ngọt, Đen",Cho Tôi Lang Thang,Ngọt,35,147,196,149271,2
123,spotify:track:4h3K653rm69JYWpO4du2BJ,Andiez,Chờ Đợi Có Đáng Sợ,Yin Yang Media,76,143,89,147598,2
124,spotify:track:6uxuJ8Fr1AAfSPJUF9N1yr,Vũ.,Bước Qua Mùa Cô Đơn,WM Vietnam,1,128,168,147029,2
125,spotify:track:5yNB5nPXblrSwtS9d0ssAU,"W/N, 267",id 2022 (feat. 267),W NATION,61,124,9,146529,2
126,spotify:track:5qbjUmVV1yOOjcMOInNPYD,"Kai Đinh, MIN, GREY D",để tôi ôm em bằng giai điệu này,Yin Yang Media,18,129,62,146063,2
127,spotify:track:2cJyuhqcXvd6ccvAn8NXsL,tlinh,thế giới thần tiên,Universal Music Indochina Distributed Labels,62,136,26,146003,2
128,spotify:track:2WOpp4vm16unl0N3i3BNNv,"NÂN, Ngơ",Tình Đắng Như Ly Cà Phê,nân,15,97,217,145607,2
129,spotify:track:1wvLeW8THXNent0N2sGSgF,Sáo,Ngồi Nhìn Em Khóc,Yin Yang Media,95,157,42,144681,2
130,spotify:track:4S0uLMXRoAjFfIJOW7A8aW,Rhymastic,Nến Và Hoa,WM Vietnam,2,116,194,144448,2
131,spotify:track:1fh5Sf3fFESFOS8D82RQiI,"AMEE, Hoàng Dũng",từ thích thích thành thương thương,Yin Yang Media,6,96,119,143836,2
132,spotify:track:4vfhartd7HDWGJbdVIycEu,Sơn Tùng M-TP,Muộn Rồi Mà Sao Còn,Universal Music Indochina Distributed Labels,1,98,149,143236,2
133,spotify:track:0QzuaeCEEOV40Pn7IvKEny,Dhruv,double take,Little Worry/RCA Records,8,122,147,142651,2
134,spotify:track:3lgCCIj5kUu8IAbJarm9oz,Anh Tú,Hoàng Hôn Nhớ - Hoa Vương Original SoundTrack,VIE CHANNEL CORPORATE,100,100,2,142352,2
135,spotify:track:4YSryHqsD82Krc81l1EJD5,"tlinh, 2pillz, WOKEUP",ghệ iu dấu của em ơi,Universal Music Indochina Distributed Labels,8,135,53,141779,2
136,spotify:track:7AD5F85waSb3yZxZxEXhJM,"Tóc Tiên, Touliver",Có Ai Thương Em Như Anh,Yin Yang Media,20,140,91,140202,2
137,spotify:track:0tWqngfOXKN1xOlYK4WwVw,Sơn Tùng M-TP,Âm Thầm Bên Em,Universal Music Indochina Distributed Labels,35,151,175,139471,2
138,spotify:track:7oBUoEbCDF748UkHnLusUB,Thịnh Suy,Chuyện Rằng,Yin Yang Media,5,132,186,139096,2
139,spotify:track:70hEVaGwwat644nPWkhKNW,Phuc Du,yêu anh đi mẹ anh bán bánh mì,LOOPS Music,28,152,44,138030,2
140,spotify:track:7eDrdQ7PK9Xm1CZCKWsgmH,"Vũ., TRANG",Anh Nhớ Ra (feat. TRANG),WM Vietnam,19,127,72,137997,2
141,spotify:track:0M5Vaj3y4yhNQ1PX471F8P,"BAN, CoolKid",MD Anniversary,M Music Records,52,155,19,137972,2
142,spotify:track:4Iz5EWPCAT8jYNk4IpLoll,buitruonglinh,Dù Cho Mai Về Sau,Yin Yang Media,10,105,154,137953,2
143,spotify:track:4tiTkoIBdra4zCsqr58od9,Kejo,Biết Đâu Sẽ Mất,Kejo,143,-1,1,137295,2
144,spotify:track:2BDE7KducbOuOPY4tlERyJ,Bình Gold,Trăng Hoa Mây Mưa,Binh Gold,107,153,6,137272,2
145,spotify:track:3DLtPObflLQBodZN8qGODT,"JustaTee, BigDaddy",2AM,WM Vietnam,18,108,96,137185,2
146,spotify:track:6Wi18yv3aoO0ZF4uulguof,"Ngọt, Mạc Mai Sương",Đá tan,Ngọt,55,193,34,136521,2
147,spotify:track:2n00rcPaXcWfFB9irOKOmh,Ronboogz,Anh Chỉ Muốn,MaiDao Music,117,138,7,135919,2
148,spotify:track:57FeZINjlat9NLEhYUejmd,"VSOUL, MFREE, TUYEN VO",NGTANOISE,VSOUL,83,130,33,135489,2
149,spotify:track:1Qrg8KqiBpW07V7PNxwwwL,SZA,Kill Bill,Top Dawg Entertainment/RCA Records,6,131,63,135446,2
150,spotify:track:2PYDUM2IC01FOTDLQdFxJP,"W/N, Duongg, Nau",3 1 0 7 - 2 (feat. DuongG & Nau),GUM GROUP,27,154,157,134938,2
151,spotify:track:0pQ67Kp2kED4ISy1ieGPEq,"PC, Dick, tofutns",Ghé Qua,12 trái lê,64,137,180,134463,2
152,spotify:track:1izPmgSW7FV6XFdEOiTvOY,"Changg, Minh Huy",Em Không Hiểu,Universal Music Indochina Distributed Labels,27,156,139,134372,2
153,spotify:track:3rUGC1vUpkDG9CZFHMur1t,Tate McRae,greedy,RCA Records Label,107,145,21,134351,2
154,spotify:track:5Msoarj5hk9LguTtiIyqug,Đức Phúc,Ngày Đầu Tiên,Duc Phuc,2,134,105,134181,2
155,spotify:track:0wwfocY1CfXcKfMcWSoGXc,buitruonglinh,Yêu Người Có Ước Mơ,LOOPS Music,83,139,46,133924,2
156,spotify:track:7paCdW3grnoEi95tjO1OkG,Thịnh Suy,Thắc Mắc?,InQ International,137,169,12,133634,2
157,spotify:track:4x8vUZgiQWB25eS2M0we6Q,"BigDaddy, Emily",Mượn Rượu Tỏ Tình,MUNIZ MUSIC COMPANY LIMITED,1,125,155,133481,2
158,spotify:track:1w3eUC89GPspKpi62tPwjt,Hoàng Dũng,Nàng Thơ,Yin Yang Media,2,162,184,131760,2
159,spotify:track:1eXc2ZMStMsQ5cuUrFCnlO,Ngọt,Mất Tích,Ngọt,82,112,4,131532,2
160,spotify:track:6kCU6i8iRrAAmJJ8Sj4JYC,"Shartnuss, Tr.D, Phankeo",Nắng có mang em về,MaiDao Music,160,172,4,130700,2
161,spotify:track:2nR51wakN5K3AJENqGaNg9,"Đen, MIN",Bài Này Chill Phết,Đen,1,150,248,130503,2
162,spotify:track:7fNHfgOxPLcg4mQLhCnOHB,"Rapital, Groovie Lã Thắng, tlinh, RPT MCK",XTC (Xích Thêm Chút) (Remix),M Music Records,87,146,139,130443,2
163,spotify:track:3uT8QfoX0BE8ZJa4h98LDW,"Puppy, Dangrangto",Wrong Times,MaiDao Music,73,168,17,130424,2
164,spotify:track:3nw5vYaH4qVx8joq3qhtNx,Low G,Okeokeoke,Rap Nhà Làm,103,148,47,130323,2
165,spotify:track:2NEzxeMKW0mk5pr7tcrvs2,Phan Mạnh Quỳnh,Có Chàng Trai Viết Lên Cây,MovieScore Media,2,200,92,130193,2
166,spotify:track:5nD5PVXUkIpv0WcwfNFrgS,"Orange, Hoàng Dũng",Khi Em Lớn,Orange,4,167,140,126357,2
167,spotify:track:1ecVks3GJX8U67DvhVDVBn,AMEE,trời giấu trời mang đi,Yin Yang Media,52,163,57,125879,2
168,spotify:track:2rGCYAabfA63PIzhQm7hVq,VSTRA,Internet Love,CDSL,56,178,112,125688,2
169,spotify:track:07tiPBhMqiKqHowwqDBtfK,"W/N, 267",id T41104 (feat. 267),W NATION,26,144,17,124838,2
170,spotify:track:05X3a0YGmS1rbH50aL8lGF,"Văn Mai Hương, Hứa Kim Tuyền",Một Ngàn Nỗi Đau,Yin Yang Media,7,186,88,124762,2
171,spotify:track:2ctmaWoBxLBYiZB7AKmK1D,Low G,Bảo Tàng,Nhà Hóa Học Đống Đa,33,149,13,124173,2
172,spotify:track:5MiIaWMDwGGWHY56oXRhlJ,"Văn Mai Hương, GREY D, Trung Quân",Mưa Tháng Sáu,Yin Yang Media,6,175,28,124111,2
173,spotify:track:62SFLTN7txImu8pQwBMP6A,"Tăng Duy Tân, Hoà Minzy",Bật Tình Yêu Lên,Big Arts Entertainment,4,141,54,123475,2
174,spotify:track:0Rx4GFPy8ISxPhRwkjl64b,AMEE,"ex's hate me, Pt.2",Yin Yang Media,13,161,78,123044,2
175,spotify:track:71Q8QWLpvwvfQ6zM5BdCnm,"2T, Văn",Liệu Giờ,LOOPS Music,22,160,182,122804,2
176,spotify:track:1YbrWGgFMzIoO6FP1vN975,"Olew, Ngắn",Vườn Hoa Con Cá (feat. Ngắn),Sony Music Entertainment,125,158,8,122006,2
177,spotify:track:0DtarPcErIh4skfFtxzomo,Tama,Ngày Em Đẹp Nhất,Tama,104,173,38,120883,2
178,spotify:track:2nFXaYb2fWOoUJXMPb6y4C,"Obito, Shiki, Lăng LD",Đầu Đường Xó Chợ,12 trái lê,39,171,17,120869,2
179,spotify:track:38rjRVqEHSlDRrDWDvjkqW,Vũ.,Bước Qua Nhau,WM Vietnam,1,181,110,119868,2
180,spotify:track:0AJi38NumMDXqo8pRw6zdh,Ngọt,LẦN CUỐI (đi bên em xót xa người ơi),Ngọt,5,-1,159,119805,2
181,spotify:track:7h69br1nQFSSgdVQp6sPx6,"HIEUTHUHAI, B Ray, Tage",Không Phải Gu,M Music Records,51,159,20,119232,2
182,spotify:track:3rx7g2qRxKscgtQUiKwQvN,Phương Ly,ThichThich,PHUONG LY,9,164,84,119039,2
183,spotify:track:5Odq8ohlgIbQKMZivbWkEo,"Charlie Puth, Jung Kook, BTS",Left and Right (Feat. Jung Kook of BTS),Atlantic Records,1,-1,74,118722,2
184,spotify:track:4MRXbWH2BzuUZcoabj6HRh,Táo,Blue Tequila,Yin Yang Media,26,189,177,118577,2
185,spotify:track:4lR8sYGMGZPvthF2yUfo7T,LE SSERAFIM,Smart,SOURCE MUSIC,185,-1,1,118384,2
186,spotify:track:40fjFtLBN98eDzOS4NfXs5,"Da LAB, Tóc Tiên",Nước Mắt Em Lau Bằng Tình Yêu Mới,MUNIZ MUSIC COMPANY LIMITED,114,176,58,118188,2
187,spotify:track:5AaHvf9iO6RydAIissh0kz,"Obito, Seachains",Simple Love,12 trái lê,155,170,13,117475,2
188,spotify:track:74X2u8JMVooG2QbjRxXwR8,LE SSERAFIM,Perfect Night,SOURCE MUSIC,101,177,15,117083,2
189,spotify:track:41aMYNen9G7uUbqLfV65cF,"Rapital, RPT MCK, Phongkhin",Tay To,M Music Records,58,184,138,116446,2
190,spotify:track:7MXVkk9YMctZqd1Srtv4MB,"The Weeknd, Daft Punk",Starboy,Universal Republic Records,153,190,9,115765,2
191,spotify:track:3J3nv18iIrOhca1ZWNeuyW,JustaTee,Đã Lỡ Yêu Em Nhiều,NGUYEN THANH TUAN,36,187,70,114336,2
192,spotify:track:5gWnqeM0qdEWl2xQXcs1Kb,"SIVAN, Kai Đinh",haydeanhduoccungemdau,LOOPS Music,140,192,15,114011,2
193,spotify:track:5PyDJG7SQRgWXefgexqIge,Doja Cat,Agora Hills,Kemosabe Records/RCA Records,82,-1,16,113889,2
194,spotify:track:2a5hng9yXtbjtTVVm9UviC,Vũ Cát Tường,Mơ,Universal Music Indochina Distributed Labels,132,-1,79,113284,2
195,spotify:track:1mKDbug8bbfDmLe7I4CJpe,"Da LAB, Miu Lê",Gác Lại Âu Lo (feat. Miu Lê),Yin Yang Media,2,-1,172,113144,2
196,spotify:track:5YiqPAVbiFUj1G1qvbXo0X,Chillies,Giấc Mơ Khác,WM Vietnam,14,194,55,113083,2
197,spotify:track:1dGr1c8CrMLDpV6mPbImSI,Taylor Swift,Lover,Taylor Swift,2,183,51,112438,2
198,spotify:track:5odlY52u43F5BjByhxg7wg,JVKE,golden hour,JVKE,6,191,70,112028,2
199,spotify:track:2LBqCSwhJGcFQeTHMVGwy3,The Weeknd,Die For You,Universal Republic Records,49,197,72,111776,2
200,spotify:track:6A1IbMKwjvXibcrU1sdqKH,"MONO, Onionn.",Em Là,M Music Records,8,174,77,111139,2
1,spotify:track:3qhYidu0cemx1v9PgTtpS5,Sơn Tùng M-TP,Chúng Ta Của Tương Lai,Universal Music Indochina Distributed Labels,1,1,4,1068916,3
2,spotify:track:2xOhv7XudrBDtkID1jwsFE,Vũ Cát Tường,Từng Là,Universal Music Indochina Distributed Labels,2,2,5,952565,3
3,spotify:track:2KslE17cAJNHTsI2MI0jb2,Jung Kook,Standing Next to You,BIGHIT MUSIC,1,3,21,930331,3
4,spotify:track:11sirgYaEutV40tkvgpHN6,"j-hope, Gaeko, YOON MIRAE",NEURON (with Gaeko & YOON MIRAE),BIGHIT MUSIC,4,-1,1,872664,3
5,spotify:track:1aKvZDoLGkNMxoRYgkckZG,ILLIT,Magnetic,BELIFT LAB,5,48,2,739842,3
6,spotify:track:2HRgqmZQC0MC7GeNuDIXHN,"Jung Kook, Latto",Seven (feat. Latto) (Explicit Ver.),BIGHIT MUSIC,1,6,38,725004,3
7,spotify:track:4qYfRfSxsmhJ1WMaywtLyI,"Wren Evans, itsnk",Từng Quen,Universal Music Indochina,1,7,23,656407,3
8,spotify:track:0PBTlQ84CBJF0tBnKGmQa6,V,FRI(END)S,BIGHIT MUSIC,1,4,3,647567,3
9,spotify:track:3Ua0m0YmEjrMi9XErKcNiR,Jimin,Like Crazy,BIGHIT MUSIC,1,5,54,543520,3
10,spotify:track:1bG6Q8sR8jda7ryI365y8o,"Vũ., Dear Jane",Những Lời Hứa Bỏ Quên,WM Vietnam,1,8,16,527244,3
11,spotify:track:3ZbZtdEw9U0uZW4tZItIwq,"RHYDER, CoolKid, BAN",Chịu Cách Mình Nói Thua,RHYDER,6,9,19,521261,3
12,spotify:track:2N0SPREDYqILVEFSsWF5N5,V,Love Me Again,BIGHIT MUSIC,2,20,34,476432,3
13,spotify:track:2o1pb13quMReXZqE7jWsgq,Ariana Grande,intro (end of the world),Republic Records,13,22,4,471365,3
14,spotify:track:1khMN4Adfi3LrZvxOq4YM5,"VSOUL, RPT MCK, Obito, Ronboogz, Boyzed","Buồn Hay Vui (feat. RPT MCK, Obito, Ronboogz & Boyzed)",12 trái lê,3,10,15,459986,3
15,spotify:track:4exlWP8cokkWVCvyP3kg7c,"tlinh, 2pillz",nếu lúc đó,Universal Music Indochina Distributed Labels,1,11,57,446383,3
16,spotify:track:3K7RddI2L8Wiv7uIbrhfLc,"The Masked Singer, Lâm Bảo Ngọc, Hứa Kim Tuyền",Rồi Em Sẽ Gặp Một Chàng Trai Khác,THE MASKED SINGER,11,12,20,421962,3
17,spotify:track:7jLSThU5Kg1RWt19Leiaxm,"RPT MCK, Trung Trần",Chìm Sâu,N0L4B3L,1,18,110,413978,3
18,spotify:track:4fj4Jn4nw8fGX8xdbCntJf,"CoolKid, RHYDER",Sau Cơn Mưa,MaiDao Music,18,21,31,410720,3
19,spotify:track:51ZQ1vr10ffzbwIjDCwqm4,Ariana Grande,we can't be friends (wait for your love),Republic Records,17,17,4,404225,3
20,spotify:track:4NTanSVXBkQ2NmDEbr2vLE,"Kai Đinh, GREY D, Hoàng Thùy Linh",Trái đất ôm Mặt trời,Yin Yang Media,8,15,15,403664,3
21,spotify:track:5C1O3fpMsiisJpHiB1uuDf,"52Hz, RIO",ĐỢI (Prod. RIO),DAO Entertainment,14,16,13,402180,3
22,spotify:track:4CUvVaAYuXtvYURLFz7EIL,"Emcee L (Da LAB), Da LAB, Muộii (Starry Night)",Chuyện Đôi Ta (feat. Muộii),Yin Yang Media,3,23,122,389103,3
23,spotify:track:36OyVzUmUFb1MTTzy3YXbh,Phan Mạnh Quỳnh,"Sau Lời Từ Khước (Theme Song From ""MAI"")",Yin Yang Media,3,13,7,387946,3
24,spotify:track:4PCh6DAkUYKnEmvjV4ouOs,Bích Phương,Nâng Chén Tiêu Sầu,Yin Yang Media,7,14,4,385847,3
25,spotify:track:5J3m0taZ0W1E9HTE0MwcSv,Low G,Simp Gái 808,Rap Nhà Làm,9,19,25,366157,3
26,spotify:track:1K0HQ30Wc11okzlcnFA7Ub,HIEUTHUHAI,Không Thể Say,M Music Records,7,25,50,363216,3
27,spotify:track:6VXVYATpQXEIoZ97NnWCmn,"Madihu, Vũ.",Vì Anh Đâu Có Biết,WM Vietnam,2,26,87,361586,3
28,spotify:track:0kHgteR4TV4LO80wrasDSR,"Karik, GDucky",Bạn Đời,WM Vietnam,5,27,27,360058,3
29,spotify:track:2kauMp3YNHXULGXyJh4321,"Wren Evans, itsnk",Phóng Đổ Tim Em,Universal Music Indochina,9,34,16,359263,3
30,spotify:track:4jWmhzf53Q0ZvZMuGdiR9x,"WEAN, tlinh",shhhhhhh..,WEAN,9,24,26,356994,3
31,spotify:track:2uZmeuNAxSm7XfVIwLkhCx,Ronboogz,nhắn nhủ,MaiDao Music,27,35,16,353741,3
32,spotify:track:3A9A7mfVDVm3rrS9SMGhg5,Kha,Hư không,MaiDao Music,27,29,12,353387,3
33,spotify:track:0X28PqBpbQhWdi4usYw0w5,"Wren Evans, itsnk",Tò Te Tí,Universal Music Indochina,3,32,16,351089,3
34,spotify:track:5T6j0rfpCDBzAxC8Fpd0N7,"Low G, Thắng",An Thần,Rap Nhà Làm,2,36,128,344519,3
35,spotify:track:6KgZf5gZgF1KLNxq1qZgHP,Phương Ly,Anh Là Ngoại Lệ Của Em,WM Vietnam,7,31,26,343614,3
36,spotify:track:2ddbldKhKrYvOBbYa87cbj,"Vũ., Hà Anh Tuấn",Dành Hết Xuân Thì Để Chờ Nhau,WM Vietnam,13,33,3,342996,3
37,spotify:track:1o6cYDMHvKOfizi4d9Lqxr,W/N,id 072019,Universal Music Indochina Distributed Labels,3,28,36,342624,3
38,spotify:track:5ECHJ1llWBNYLVCYrllD3x,"Da LAB, Phương Ly",Chạy Khỏi Thế Giới Này,LOOPS Music,11,39,92,341544,3
39,spotify:track:2JuHIbFudHwDqQssgqsH3i,"Vũ Phụng Tiên, DT Tập Rap, Drum7",Lệ Lưu Ly,Big Arts Entertainment,6,30,28,338293,3
40,spotify:track:7tFwBnuaGXqiiONukPRaCo,Minh Huy,Miên Man,LOOPS Music,11,38,31,332713,3
41,spotify:track:5BTzf3doGTigDIYUFtbkI9,"Emcee L (Da LAB), Da LAB, Badbies",Sinh Ra Đã Là Thứ Đối Lập Nhau (feat. Badbies),Yin Yang Media,5,37,171,327993,3
42,spotify:track:3YctJXK6kznnWl68TnYobN,RPT MCK,Anh Đã Ổn Hơn,N0L4B3L,3,43,57,320691,3
43,spotify:track:5PLjpBivzvuaIIqqkQgnRK,"GREY D, tlinh",vaicaunoicokhiennguoithaydoi,M Music Records,2,40,94,319704,3
44,spotify:track:0gzpqwLf1jhNjnSJEyweAX,"Kuun Đức Nam, Linh Thộn",Tình cờ yêu em,MaiDao Music,12,45,32,303920,3
45,spotify:track:3a2Oftcs10wtzw6AmxuTMU,Olew,Rồi Ta Sẽ Ngắm Pháo Hoa Cùng Nhau,LOOPS Music,8,41,63,301881,3
46,spotify:track:2doGmsaPLdot51o80juiYU,"Obito, Shiki, RPT MCK",Đánh Đổi,12 trái lê,7,44,26,295376,3
47,spotify:track:0SLhB9JLM4Ksz1XdwK3aQD,"Obito, Shiki, VSTRA",Hà Nội,12 trái lê,11,49,26,294365,3
48,spotify:track:6IHLOkgZftkcqS3fM0jMCT,"MONO, Onionn.",Em Xinh,M Music Records,10,42,14,294230,3
49,spotify:track:1VNWdmXSbaNrnWod10WIL0,"The Weeknd, JENNIE, Lily-Rose Depp","One Of The Girls (with JENNIE, Lily Rose Depp)",Universal Republic Records,11,46,41,290919,3
50,spotify:track:1J3SmWwlYAG68LGKr86MVH,Sơn Tùng M-TP,Chúng Ta Của Hiện Tại,Universal Music Indochina Distributed Labels,1,47,172,283618,3
51,spotify:track:3ukrFH17Zl6iEZ2QJ1Zwiy,"RPT Orijinn, Ronboogz",Don't Côi,Rapital,3,51,67,283094,3
52,spotify:track:28bxbqNcAuNxYDZYet6eZ7,"RPT MCK, tlinh",Chỉ Một Đêm Nữa Thôi,N0L4B3L,9,54,57,279014,3
53,spotify:track:4nXrVH5xwN1w6TpmP7uu8n,"HIEUTHUHAI, marzuz",Exit Sign,M Music Records,24,50,25,274856,3
54,spotify:track:5iZHnufFUgATzrpGgH1K0W,T.R.I,Ánh Sao Và Bầu Trời,Yin Yang Media,1,57,126,267339,3
55,spotify:track:4qJSUFwZFouto5VZUlln75,"tlinh, Trung Trần",Thích Quá Rùi Nà,Universal Music Indochina Distributed Labels,34,53,185,262420,3
56,spotify:track:1xoadYaxtOp9gHDwgmPDuz,"JSOL, Hoàng Duyên",Sài Gòn Hôm Nay Mưa,Universal Music Indochina,3,59,149,259608,3
57,spotify:track:0tGmDUHDoT8pxYhgAT3yNG,"Wren Evans, itsnk",bé ơi từ từ,Universal Music Indochina,8,56,16,250639,3
58,spotify:track:5LQpQ6SDeaz6SIkR0lvsoC,"GREY D, Chillies",đưa em về nhàa,M Music Records,3,60,50,250256,3
59,spotify:track:5f4u0kPnU21qNe6fXgAUiV,"BigDaddy, Emily",Yêu Nắm,Yin Yang Media,26,52,7,242519,3
60,spotify:track:0AJi38NumMDXqo8pRw6zdh,Ngọt,LẦN CUỐI (đi bên em xót xa người ơi),Ngọt,5,55,162,239175,3
61,spotify:track:3Ndroo5HpBKKTRGYReAYHM,TRANG,Chưa Được Yêu Như Thế,Trang Music Productions,61,67,3,238237,3
62,spotify:track:18iADruKMXIloyA9vCJXFE,"An Vũ, Sino",Chàng Trai Bất Tử,Yin Yang Media,56,58,9,235944,3
63,spotify:track:4vfhartd7HDWGJbdVIycEu,Sơn Tùng M-TP,Muộn Rồi Mà Sao Còn,Universal Music Indochina Distributed Labels,1,70,154,232417,3
64,spotify:track:01qFKNWq73UfEslI0GvumE,"Jung Kook, Jack Harlow",3D (feat. Jack Harlow),BIGHIT MUSIC,2,62,27,230834,3
65,spotify:track:76KYaCx7UjHwlnrqzcovLZ,PC,10 Ngàn Năm,12 trái lê,61,61,95,228586,3
66,spotify:track:3ajU531gR5fW71wqsw4tFX,"j-hope, Jung Kook",i wonder... (with Jung Kook of BTS),BIGHIT MUSIC,66,-1,1,228405,3
67,spotify:track:27Z9T0mSWHYWSj9SNOGvyt,"JustaTee, Phương Ly",Thằng Điên,NGUYEN THANH TUAN,2,68,87,225675,3
68,spotify:track:6D94p9ASguBcYlDC0o56vx,HIEUTHUHAI,NOLOVENOLIFE,M Music Records,24,63,25,223993,3
69,spotify:track:0dBKcPEAsdxWJsqNDNHcPz,"Andree Right Hand, RHYDER, WOKEUP",Dân Chơi Sao Phải Khóc,$maker Music,16,66,13,220310,3
70,spotify:track:0vkExWiBJSrfWnlMC7x48b,UMIE,Không Yêu Xin Đừng Nói - Piano Version,LOOPS Music,37,65,57,219724,3
71,spotify:track:6iXGivPFpsqKmrINhIbPvx,Lynk Lee,Buồn Thì Cứ Khóc Đi,Lynk Lee,10,88,223,219583,3
72,spotify:track:7kgzRBNkBRArtTPkYjWLYT,"14 Casper, Bon Nghiêm",bao tiền một mớ bình yên?,DANDERLÉON,9,73,154,217558,3
73,spotify:track:1BxfuPKGuaTgP7aM0Bbdwr,Taylor Swift,Cruel Summer,Taylor Swift,5,64,49,216430,3
74,spotify:track:3vkCueOmm7xQDoJ17W1Pm3,Mitski,My Love Mine All Mine,Dead Oceans,30,75,26,213805,3
75,spotify:track:6Hs2xIgB8nzyGFDvVA8lFa,"Madihu, Low G",Có Em,NGUYEN CHI PHONG,4,69,102,213350,3
76,spotify:track:1njlnn8ZKHI77Pe9szIONR,BABYMONSTER,SHEESH,YG Entertainment,76,-1,1,212761,3
77,spotify:track:5cml547MByVlaVrKU2lJTg,"Andree Right Hand, Wxrdie, Bình Gold, 2pillz",Em iu,$maker Music,18,78,45,212508,3
78,spotify:track:3XCp5o1FUpAH0aj2Hmj5yz,"Wren Evans, itsnk",Call Me,Universal Music Indochina,12,79,34,212177,3
79,spotify:track:1EmMFSLRVkOszCa4ul9z0F,"W/N, Duongg, Nau, titie",3107 3,Universal Music Indochina Distributed Labels,1,81,140,211369,3
80,spotify:track:1MiJk3dXC5jzhvLFP0dUM7,Da LAB,Thức Giấc,Yin Yang Media,1,76,143,211179,3
81,spotify:track:3hqOrxH5qPlvrApcb7Ac8c,Ronboogz,Lan Man,MaiDao Music,33,87,51,210451,3
82,spotify:track:255vSRpVq5YYKBJiem1BVx,Andree Right Hand,Chơi Như Tụi Mỹ,$maker Music,4,74,46,209680,3
83,spotify:track:6jcLKVmEKAQIXIVHJZ8vzS,"MONSTAR, GREY D, NICKY, VƯƠNG BÌNH",tình yêu chậm trễ,Yin Yang Media,46,85,69,207547,3
84,spotify:track:7LVrrX8pkzI9fMF88nGabt,"Đen, JustaTee",Đi Về Nhà,Đen,3,82,172,206175,3
85,spotify:track:65cM1nyMf9pFDZVV8xmPX9,GREY D,dự báo thời tiết hôm nay mưa,M Music Records,7,71,72,205757,3
86,spotify:track:0tWqngfOXKN1xOlYK4WwVw,Sơn Tùng M-TP,Âm Thầm Bên Em,Universal Music Indochina Distributed Labels,35,72,180,201099,3
87,spotify:track:0MJ5wKsPEeihONNfugHGy7,HYBS,Tip Toe,JUICEY,52,84,19,199720,3
88,spotify:track:65aTHDZWUdh6WIafu9MtNF,"HIEUTHUHAI, Negav, Kewtiie",ngủ một mình (tình rất tình),M Music Records,2,77,68,199625,3
89,spotify:track:45PPoUgqs3JrhkZGEzSUHT,"W/N, ERIK, Nau","3107 4 (feat. Erik, Nâu)",Universal Music Indochina Distributed Labels,24,91,51,197057,3
90,spotify:track:1K3CXUYKhLYN7koLW5WQjX,Thắng,Xin Lỗi,Thắng,5,80,46,193197,3
91,spotify:track:72ictTz6o0dusD2QpCn4bn,"Wxrdie, Andree Right Hand, Machiot",TETVOVEN,M Music Records,39,83,18,191592,3
92,spotify:track:2zRzmGerfTxc2epZHgaTdh,"Ngọt, Đen",Cho Tôi Lang Thang,Ngọt,35,90,201,191367,3
93,spotify:track:45Mswno1F7FoZkcmQkp7fi,Wren Evans,Thích Em Hơi Nhiều,Universal Music Indochina,1,94,146,190704,3
94,spotify:track:3440g8awr2l0E5Yy2X5Epk,RPT MCK,Tại Vì Sao,N0L4B3L,3,100,80,189488,3
95,spotify:track:3QD2NfLEIvMRbzv2uTu4B7,Myra Trần,Anh Chưa Thương Em Đến Vậy Đâu,Sony Music Entertainment,6,92,65,189301,3
96,spotify:track:5uyNAX6MazVAjBjVeOsTvp,"W/N, Duongg, Nâu",3 1 0 7 (feat. Duongg & Nâu),"HONG AN ENTERTAIMENT,.JSC",11,97,191,189214,3
97,spotify:track:1dUmmBh2nw8XzEI3au0uFs,Thịnh Suy,Chết Trong Em,InQ International,4,98,75,187677,3
98,spotify:track:5J90ah0ppUSev1uahqQiN6,"Andiez, AMEE",Anh Đánh Rơi Người Yêu Này,MaiDao Music,19,101,74,187179,3
99,spotify:track:3ztP5O7dJSha2PG429eUCb,Jack - J97,Thiên Lý Ơi,MIXUS,53,86,6,186427,3
100,spotify:track:1J12HjUuXfJnaUdubTEzSR,HIEUTHUHAI,Nghe Như Tình Yêu,M Music Records,46,89,133,185684,3
101,spotify:track:7td8DTWoGC9u9db37mGHX6,"Đen, PiaLinh",Nấu ăn cho em,Đen,8,93,39,185053,3
102,spotify:track:0eKIEiMHZv0pOxz4iGOXda,"Lil Wuyn, 16 BrT, 16 Typh",TOKYO Cypher,12 trái lê,45,95,22,184089,3
103,spotify:track:7kpNUrBDYDoX6QKGzrBD1R,"RPT MCK, Trung Trần",Thôi Em Đừng Đi,N0L4B3L,8,99,57,183875,3
104,spotify:track:0Qs29ApstkrU5T8S5Hxazw,"BigDaddy, Emily",Ngõ Chạm,LOOPS Music,41,104,35,182497,3
105,spotify:track:7j3XQm7RR8T2EzaYtYK4rc,"W/N, Tezzy, Tien",Crush 2,RioX Records,61,96,93,179507,3
106,spotify:track:7CoOFEoC3xg3iJ2srBsizf,"Winno, Hustlang Robber",Muốn anh đau,Yin Yang Media,106,119,4,179034,3
107,spotify:track:3BlB5wlzdbgCJGkuPcNVIW,The Masked Singer,Khóa Ly Biệt,THE MASKED SINGER,53,102,21,178501,3
108,spotify:track:1fh5Sf3fFESFOS8D82RQiI,"AMEE, Hoàng Dũng",từ thích thích thành thương thương,Yin Yang Media,6,110,124,177559,3
109,spotify:track:2a5hng9yXtbjtTVVm9UviC,Vũ Cát Tường,Mơ,Universal Music Indochina Distributed Labels,100,106,84,173034,3
110,spotify:track:3ET3xHCLMGd57u06A9RjJ0,Ronboogz,Nói Dối,MaiDao Music,79,103,22,172760,3
111,spotify:track:5cn5oHiXJTLiuthgbgfkMh,Vũ Cát Tường,Vết Mưa,Universal Music Indochina Distributed Labels,57,116,21,171927,3
112,spotify:track:54UNNgtE3zzERwTuWSQLqd,"MONSTAR, GREY D, VƯƠNG BÌNH",có hẹn với thanh xuân,Yin Yang Media,5,105,142,171469,3
113,spotify:track:6QqLjFssCtiZWKET97Qv3n,Sơn Tùng M-TP,Nơi Này Có Anh,Universal Music Indochina Distributed Labels,5,112,252,171411,3
114,spotify:track:0Gxnj8yTGYxMYyWcR4wawW,j-hope,on the street (solo version),BIGHIT MUSIC,114,-1,1,169542,3
115,spotify:track:6DyotcCWPqKQT8YWireU6L,Low G,Tán Gái 505,Rap Nhà Làm,65,118,46,168898,3
116,spotify:track:5Bti0azlFhMattVY76qFr9,Vũ.,Lạ Lùng,WM Vietnam,17,108,313,168114,3
117,spotify:track:3b34161QoxLwsqhWSPy9i5,Da LAB,Thanh Xuân,Sony Music Entertainment,1,123,293,166080,3
118,spotify:track:2qWP5ZarXRsdmxzz3L3BtP,"SUNI Hạ Linh, Hoàng Dũng, GREY D, Orange, tlinh",có hẹn với thanh xuân,Universal Music Indochina Distributed Labels,27,107,88,165988,3
119,spotify:track:1GJ3suxtUVaguVQRemw6Zp,Andiez,Suýt Nữa Thì...,MaiDao Music,82,111,91,165359,3
120,spotify:track:25edeHHueINMguqu9emCyV,"Đen, Phương Anh Đào",Lối Nhỏ,Đen,1,130,232,164576,3
121,spotify:track:2n00rcPaXcWfFB9irOKOmh,Ronboogz,Anh Chỉ Muốn,MaiDao Music,117,124,12,164004,3
122,spotify:track:1ecVks3GJX8U67DvhVDVBn,AMEE,trời giấu trời mang đi,Yin Yang Media,52,121,62,163590,3
123,spotify:track:3AejRjgBsFV4HWHjJmmEP7,"GREY D, Orange, Kai Đinh",lời tạm biệt chưa nói,Universal Music Indochina Distributed Labels,22,125,89,163133,3
124,spotify:track:4N99EuIjwSSFFFMDfTeOLU,"buitruonglinh, Vũ Phụng Tiên",Em Không Khóc (feat. Vũ Phụng Tiên),Yin Yang Media,106,127,76,162845,3
125,spotify:track:1yo967mk7CpjvruNxBecOY,Thắng,Trước Khi Em Tồn Tại,Thắng,22,113,46,159811,3
126,spotify:track:4x8vUZgiQWB25eS2M0we6Q,"BigDaddy, Emily",Mượn Rượu Tỏ Tình,MUNIZ MUSIC COMPANY LIMITED,1,117,160,159674,3
127,spotify:track:5BJqg07SKgmFnVLOBmLFvq,Bùi Anh Tuấn,"Hẹn Một Mai - From"" 4 Năm 2 Chàng 1 Tình Yêu""",Vietnam Music Award,109,109,4,159108,3
128,spotify:track:4AgFXIVT7hVhBZ5DEOaLu3,Thịnh Suy,tiny love,Yin Yang Media,3,146,122,158546,3
129,spotify:track:4h3K653rm69JYWpO4du2BJ,Andiez,Chờ Đợi Có Đáng Sợ,Yin Yang Media,76,126,94,158465,3
130,spotify:track:7h2zqUH4bYyknNUxsYnS5V,"PhucXp, Freak D",Như Anh Đã Thấy Em,MaiDao Music,33,120,67,158168,3
131,spotify:track:2nR51wakN5K3AJENqGaNg9,"Đen, MIN",Bài Này Chill Phết,Đen,1,136,253,156781,3
132,spotify:track:3rUGC1vUpkDG9CZFHMur1t,Tate McRae,greedy,RCA Records Label,107,140,26,156741,3
133,spotify:track:53zusvCJkyGYjEZ6bnLIjh,Hà Anh Tuấn,Tháng Tư Là Lời Nói Dối Của Em,Yin Yang Media,49,-1,18,156072,3
134,spotify:track:2WOpp4vm16unl0N3i3BNNv,"NÂN, Ngơ",Tình Đắng Như Ly Cà Phê,nân,15,128,222,156035,3
135,spotify:track:1fgzQI6AtswiR0JMXulldH,Nguyễn Minh Xuân Ái,Là Từ Lúc,AD Ent,135,-1,1,155517,3
136,spotify:track:40fjFtLBN98eDzOS4NfXs5,"Da LAB, Tóc Tiên",Nước Mắt Em Lau Bằng Tình Yêu Mới,MUNIZ MUSIC COMPANY LIMITED,114,150,63,154738,3
137,spotify:track:24eClW0wZh5fFEFwsUWdSG,"Wren Evans, itsnk",Cầu Vĩnh Tuy,Universal Music Indochina,16,133,16,153673,3
138,spotify:track:4acXEYw7ayyJnm9GXDrqiL,"Binz, Nomovodka",Hit Me Up (feat. Nomovodka),Spacespeakers,4,114,24,153425,3
139,spotify:track:6uxuJ8Fr1AAfSPJUF9N1yr,Vũ.,Bước Qua Mùa Cô Đơn,WM Vietnam,1,122,173,152571,3
140,spotify:track:0QzuaeCEEOV40Pn7IvKEny,Dhruv,double take,Little Worry/RCA Records,8,147,152,152216,3
141,spotify:track:5qbjUmVV1yOOjcMOInNPYD,"Kai Đinh, MIN, GREY D",để tôi ôm em bằng giai điệu này,Yin Yang Media,18,156,67,151933,3
142,spotify:track:71Q8QWLpvwvfQ6zM5BdCnm,"2T, Văn",Liệu Giờ,LOOPS Music,22,135,187,151714,3
143,spotify:track:2cJyuhqcXvd6ccvAn8NXsL,tlinh,thế giới thần tiên,Universal Music Indochina Distributed Labels,62,138,31,151422,3
144,spotify:track:6Wi18yv3aoO0ZF4uulguof,"Ngọt, Mạc Mai Sương",Đá tan,Ngọt,55,115,39,151237,3
145,spotify:track:2UtFCtiSoc30GJ4MUcHDKr,"Obito, Shiki",Tell the kids i love them,12 trái lê,30,145,25,150388,3
146,spotify:track:1Vla7vXcM0zimotYpresDT,tlinh,tình yêu có nghĩa là gì?,Universal Music Indochina Distributed Labels,7,134,34,149624,3
147,spotify:track:2O4Bb2WCkjlTPO827OnBMI,LE SSERAFIM,EASY,SOURCE MUSIC,93,174,7,149317,3
148,spotify:track:7AD5F85waSb3yZxZxEXhJM,"Tóc Tiên, Touliver",Có Ai Thương Em Như Anh,Yin Yang Media,20,153,96,148544,3
149,spotify:track:0Rx4GFPy8ISxPhRwkjl64b,AMEE,"ex's hate me, Pt.2",Yin Yang Media,13,160,82,146723,3
150,spotify:track:7oBUoEbCDF748UkHnLusUB,Thịnh Suy,Chuyện Rằng,Yin Yang Media,5,144,191,146436,3
151,spotify:track:0wwfocY1CfXcKfMcWSoGXc,buitruonglinh,Yêu Người Có Ước Mơ,LOOPS Music,83,148,51,146200,3
152,spotify:track:1sEOTXdVl8X7SzuJi0P1cq,"Dept, Ashley Alisha",Van Gogh (feat. Ashley Alisha),WM Korea,41,137,18,145364,3
153,spotify:track:3uT8QfoX0BE8ZJa4h98LDW,"Puppy, Dangrangto",Wrong Times,MaiDao Music,73,161,22,144881,3
154,spotify:track:0Lmbke3KNVFXtoH2mMSHCw,Ariana Grande,the boy is mine,Republic Records,98,129,4,144531,3
155,spotify:track:4S0uLMXRoAjFfIJOW7A8aW,Rhymastic,Nến Và Hoa,WM Vietnam,2,151,199,144003,3
156,spotify:track:4TMdpMJNQdcawl8JjZEwLk,Lãng,Nụ hôn Bisou,12 trái lê,10,149,37,142942,3
157,spotify:track:2nFXaYb2fWOoUJXMPb6y4C,"Obito, Shiki, Lăng LD",Đầu Đường Xó Chợ,12 trái lê,39,175,22,142754,3
158,spotify:track:1izPmgSW7FV6XFdEOiTvOY,"Changg, Minh Huy",Em Không Hiểu,Universal Music Indochina Distributed Labels,27,158,144,142238,3
159,spotify:track:05X3a0YGmS1rbH50aL8lGF,"Văn Mai Hương, Hứa Kim Tuyền",Một Ngàn Nỗi Đau,Yin Yang Media,7,143,93,142158,3
160,spotify:track:2YkWEClnZUYazZxq6GQ8OT,"Mer, Kriss Ngo",tâm,LOOPS Music,160,187,2,141838,3
161,spotify:track:4gaxEUZE4z9pJAVTSFwgQI,"14 Casper, Bon Nghiêm, buitruonglinh",một đời,DANDERLÉON,161,-1,1,140760,3
162,spotify:track:0ObH6HhEWiI2kXBJ4tusbQ,"j-hope, HUH YUNJIN",i don't know (with HUH YUNJIN of LE SSERAFIM),BIGHIT MUSIC,162,-1,1,140608,3
163,spotify:track:2vYaldhZyuRk6me6yowg8e,Sơn Tùng M-TP,Buông Đôi Tay Nhau Ra,Universal Music Indochina Distributed Labels,86,168,41,139166,3
164,spotify:track:0pQ67Kp2kED4ISy1ieGPEq,"PC, Dick, tofutns",Ghé Qua,12 trái lê,64,169,185,138848,3
165,spotify:track:3aKXtIPNRoD73KLpsNnNoK,"j-hope, Nile Rodgers, benny blanco",lock / unlock (with benny blanco & Nile Rodgers),BIGHIT MUSIC,165,-1,1,138419,3
166,spotify:track:7fNHfgOxPLcg4mQLhCnOHB,"Rapital, Groovie Lã Thắng, tlinh, RPT MCK",XTC (Xích Thêm Chút) (Remix),M Music Records,87,163,144,138262,3
167,spotify:track:0hiQvlWSSTr7n1kc1X2Lus,"HIEUTHUHAI, Harmonie",Bật Nhạc Lên,GERDNANG,59,157,180,137911,3
168,spotify:track:2CFC7iLurCyDYuXQcfem2l,Quang Hùng MasterD,Thủy Triều,Quang Hùng MasterD,69,139,7,136805,3
169,spotify:track:33S16Xa5cZmLPhn6eZI4Nm,"52Hz, WEAN, RIO",ĐỢI (SPECIAL VERSION) [ft. WEAN],DAO Entertainment,102,-1,8,136410,3
170,spotify:track:57FeZINjlat9NLEhYUejmd,"VSOUL, MFREE, TUYEN VO",NGTANOISE,VSOUL,83,141,38,136056,3
171,spotify:track:2PYDUM2IC01FOTDLQdFxJP,"W/N, Duongg, Nau",3 1 0 7 - 2 (feat. DuongG & Nau),GUM GROUP,27,165,162,133568,3
172,spotify:track:4Iz5EWPCAT8jYNk4IpLoll,buitruonglinh,Dù Cho Mai Về Sau,Yin Yang Media,10,178,159,133429,3
173,spotify:track:2Npr9vbXuQYcpnsouBIrHU,"The Masked Singer, Voi Bản Đôn",Ngày Mai Người Ta Lấy Chồng (feat. Voi Bản Đôn),THE MASKED SINGER,39,162,33,133253,3
174,spotify:track:1fFvYVg1v3rpUSqKNCUh7b,Vũ Cát Tường,Người Bình Thường,Universal Music Indochina Distributed Labels,173,177,4,133251,3
175,spotify:track:2o4dDfLK6NVI7TjBm5VoMv,"Lou Hoàng, Miu Lê",Yêu Một Người Có Lẽ,Onlyc Entertainment,33,173,119,133023,3
176,spotify:track:62SFLTN7txImu8pQwBMP6A,"Tăng Duy Tân, Hoà Minzy",Bật Tình Yêu Lên,Big Arts Entertainment,4,154,59,133002,3
177,spotify:track:3clfEGdaeSmWM6pDekmZ2G,AMEE,đen đá không đường,Yin Yang Media,97,183,11,131818,3
178,spotify:track:3DLtPObflLQBodZN8qGODT,"JustaTee, BigDaddy",2AM,WM Vietnam,18,172,101,130399,3
179,spotify:track:5gWnqeM0qdEWl2xQXcs1Kb,"SIVAN, Kai Đinh",haydeanhduoccungemdau,LOOPS Music,140,142,20,130334,3
180,spotify:track:4YSryHqsD82Krc81l1EJD5,"tlinh, 2pillz, WOKEUP",ghệ iu dấu của em ơi,Universal Music Indochina Distributed Labels,8,185,58,129704,3
181,spotify:track:7paCdW3grnoEi95tjO1OkG,Thịnh Suy,Thắc Mắc?,InQ International,137,152,17,129529,3
182,spotify:track:7eDrdQ7PK9Xm1CZCKWsgmH,"Vũ., TRANG",Anh Nhớ Ra (feat. TRANG),WM Vietnam,19,186,77,128870,3
183,spotify:track:5AaHvf9iO6RydAIissh0kz,"Obito, Seachains",Simple Love,12 trái lê,155,170,18,128718,3
184,spotify:track:3XEspwit4d8gwKKgeopfCv,"Sean, Lửa",Em Thích,MaiDao Music,65,155,63,127911,3
185,spotify:track:5YiqPAVbiFUj1G1qvbXo0X,Chillies,Giấc Mơ Khác,WM Vietnam,14,-1,56,127908,3
186,spotify:track:5Msoarj5hk9LguTtiIyqug,Đức Phúc,Ngày Đầu Tiên,Duc Phuc,2,167,110,127246,3
187,spotify:track:0DtarPcErIh4skfFtxzomo,Tama,Ngày Em Đẹp Nhất,Tama,104,189,43,127051,3
188,spotify:track:79bSb2Ilugozn6VygdplEZ,Andiez,1 Phút,MaiDao Music,21,171,164,126784,3
189,spotify:track:1w3eUC89GPspKpi62tPwjt,Hoàng Dũng,Nàng Thơ,Yin Yang Media,2,179,189,126410,3
190,spotify:track:5yNB5nPXblrSwtS9d0ssAU,"W/N, 267",id 2022 (feat. 267),W NATION,61,164,14,125920,3
191,spotify:track:74X2u8JMVooG2QbjRxXwR8,LE SSERAFIM,Perfect Night,SOURCE MUSIC,101,-1,16,125483,3
192,spotify:track:6W6kWAXbMS2aOJXoUpw7iI,"j-hope, JINBO the SuperFreak",what if… (dance mix),BIGHIT MUSIC,192,-1,1,125466,3
193,spotify:track:7e8Kt6pX4Y589CJL37mIWa,AMEE,thay mọi cô gái yêu anh,Yin Yang Media,6,-1,34,124981,3
194,spotify:track:5nD5PVXUkIpv0WcwfNFrgS,"Orange, Hoàng Dũng",Khi Em Lớn,Orange,4,193,145,123708,3
195,spotify:track:3nw5vYaH4qVx8joq3qhtNx,Low G,Okeokeoke,Rap Nhà Làm,103,180,52,123485,3
196,spotify:track:7GDgpad2BQVuDUzaxHFakc,BABYMONSTER,LIKE THAT,YG Entertainment,196,-1,1,123302,3
197,spotify:track:3y6kYOBeVg8jtUiBdTR0pD,"Tùng TeA, PC, TaynguyenSound",Già Cùng Nhau Là Được,12 trái lê,70,191,103,123082,3
198,spotify:track:70hEVaGwwat644nPWkhKNW,Phuc Du,yêu anh đi mẹ anh bán bánh mì,LOOPS Music,28,192,49,122935,3
199,spotify:track:0s7RyyUlQfd8mnnboHe18n,"MANBO, HIEUTHUHAI, HURRYKNG",Hẹn Gặp Em Dưới Ánh Trăng,Gerdnang,123,-1,14,122918,3
200,spotify:track:41aMYNen9G7uUbqLfV65cF,"Rapital, RPT MCK, Phongkhin",Tay To,M Music Records,58,195,142,122724,3
1,spotify:track:2KslE17cAJNHTsI2MI0jb2,Jung Kook,Standing Next to You,BIGHIT MUSIC,1,1,25,853644,4
2,spotify:track:2HRgqmZQC0MC7GeNuDIXHN,"Jung Kook, Latto",Seven (feat. Latto) (Explicit Ver.),BIGHIT MUSIC,1,3,42,694635,4
3,spotify:track:2xOhv7XudrBDtkID1jwsFE,Vũ Cát Tường,Từng Là,Universal Music Indochina Distributed Labels,2,4,9,647085,4
4,spotify:track:2OzhQlSqBEmt7hmkYxfT6m,"Taylor Swift, Post Malone",Fortnight (feat. Post Malone),Taylor Swift,2,2,2,553531,4
5,spotify:track:3Ua0m0YmEjrMi9XErKcNiR,Jimin,Like Crazy,BIGHIT MUSIC,1,9,58,522435,4
6,spotify:track:4qYfRfSxsmhJ1WMaywtLyI,"Wren Evans, itsnk",Từng Quen,Universal Music Indochina,1,8,27,510470,4
7,spotify:track:3OVMe3H6iAxbLF8iD2UYrw,Sơn Tùng M-TP,Chúng Ta Của Tương Lai,Universal Music Indochina Distributed Labels,1,5,8,495852,4
8,spotify:track:1aKvZDoLGkNMxoRYgkckZG,ILLIT,Magnetic,BELIFT LAB,5,6,6,484490,4
9,spotify:track:2N0SPREDYqILVEFSsWF5N5,V,Love Me Again,BIGHIT MUSIC,2,7,38,468610,4
10,spotify:track:3ZbZtdEw9U0uZW4tZItIwq,"RHYDER, CoolKid, BAN",Chịu Cách Mình Nói Thua,RHYDER,6,10,23,455285,4
11,spotify:track:1SS0WlKhJewviwEDZ6dWj0,"ZICO, JENNIE",SPOT!,KOZ Entertainment,11,-1,1,446843,4
12,spotify:track:1bG6Q8sR8jda7ryI365y8o,"Vũ., Dear Jane",Những Lời Hứa Bỏ Quên,WM Vietnam,1,11,20,442416,4
13,spotify:track:4fj4Jn4nw8fGX8xdbCntJf,"CoolKid, RHYDER",Sau Cơn Mưa,MaiDao Music,12,13,35,424567,4
14,spotify:track:0PBTlQ84CBJF0tBnKGmQa6,V,FRI(END)S,BIGHIT MUSIC,1,12,7,407993,4
15,spotify:track:4exlWP8cokkWVCvyP3kg7c,"tlinh, 2pillz",nếu lúc đó,Universal Music Indochina Distributed Labels,1,16,61,384236,4
16,spotify:track:2uZmeuNAxSm7XfVIwLkhCx,Ronboogz,nhắn nhủ,MaiDao Music,16,22,20,377230,4
17,spotify:track:4CUvVaAYuXtvYURLFz7EIL,"Emcee L (Da LAB), Da LAB, Muộii (Starry Night)",Chuyện Đôi Ta (feat. Muộii),Yin Yang Media,3,14,126,373764,4
18,spotify:track:7jLSThU5Kg1RWt19Leiaxm,"RPT MCK, Trung Trần",Chìm Sâu,N0L4B3L,1,15,114,368120,4
19,spotify:track:6VXVYATpQXEIoZ97NnWCmn,"Madihu, Vũ.",Vì Anh Đâu Có Biết,WM Vietnam,2,20,91,367966,4
20,spotify:track:7tFwBnuaGXqiiONukPRaCo,Minh Huy,Miên Man,LOOPS Music,11,18,35,365843,4
21,spotify:track:1khMN4Adfi3LrZvxOq4YM5,"VSOUL, RPT MCK, Obito, Ronboogz, Boyzed","Buồn Hay Vui (feat. RPT MCK, Obito, Ronboogz & Boyzed)",12 trái lê,3,17,19,352409,4
22,spotify:track:1K0HQ30Wc11okzlcnFA7Ub,HIEUTHUHAI,Không Thể Say,M Music Records,7,24,54,351315,4
23,spotify:track:5PLjpBivzvuaIIqqkQgnRK,"GREY D, tlinh",vaicaunoicokhiennguoithaydoi,M Music Records,2,28,98,347724,4
24,spotify:track:1o6cYDMHvKOfizi4d9Lqxr,W/N,id 072019,Universal Music Indochina Distributed Labels,3,23,40,340964,4
25,spotify:track:7CyPwkp0oE8Ro9Dd5CUDjW,"The Weeknd, JENNIE, Lily-Rose Depp","One Of The Girls (with JENNIE, Lily Rose Depp)",XO / Republic Records,11,43,45,336618,4
26,spotify:track:3K7RddI2L8Wiv7uIbrhfLc,"The Masked Singer, Lâm Bảo Ngọc, Hứa Kim Tuyền",Rồi Em Sẽ Gặp Một Chàng Trai Khác,THE MASKED SINGER,11,21,24,336403,4
27,spotify:track:5T6j0rfpCDBzAxC8Fpd0N7,"Low G, Thắng",An Thần,Rap Nhà Làm,2,31,132,331686,4
28,spotify:track:5C1O3fpMsiisJpHiB1uuDf,"52Hz, RIO",ĐỢI (Prod. RIO),DAO Entertainment,13,26,17,323600,4
29,spotify:track:3a2Oftcs10wtzw6AmxuTMU,Olew,Rồi Ta Sẽ Ngắm Pháo Hoa Cùng Nhau,LOOPS Music,8,35,67,319347,4
30,spotify:track:0kHgteR4TV4LO80wrasDSR,"Karik, GDucky",Bạn Đời,WM Vietnam,5,33,31,312531,4
31,spotify:track:5BTzf3doGTigDIYUFtbkI9,"Emcee L (Da LAB), Da LAB, Badbies",Sinh Ra Đã Là Thứ Đối Lập Nhau (feat. Badbies),Yin Yang Media,5,29,175,311510,4
32,spotify:track:4NTanSVXBkQ2NmDEbr2vLE,"Kai Đinh, GREY D, Hoàng Thùy Linh",Trái đất ôm Mặt trời,Yin Yang Media,8,25,19,309279,4
33,spotify:track:3A9A7mfVDVm3rrS9SMGhg5,Kha,Hư không,MaiDao Music,22,38,16,308990,4
34,spotify:track:4jWmhzf53Q0ZvZMuGdiR9x,"WEAN, tlinh",shhhhhhh..,WEAN,9,32,30,307469,4
35,spotify:track:1LxaXT8hwdBWSNpOqTjF8R,SOOBIN,giá như,Spacespeakers,13,27,3,300851,4
36,spotify:track:6KgZf5gZgF1KLNxq1qZgHP,Phương Ly,Anh Là Ngoại Lệ Của Em,WM Vietnam,7,34,30,300362,4
37,spotify:track:3YctJXK6kznnWl68TnYobN,RPT MCK,Anh Đã Ổn Hơn,N0L4B3L,3,36,61,290080,4
38,spotify:track:01qFKNWq73UfEslI0GvumE,"Jung Kook, Jack Harlow",3D (feat. Jack Harlow),BIGHIT MUSIC,2,19,31,288376,4
39,spotify:track:4nXrVH5xwN1w6TpmP7uu8n,"HIEUTHUHAI, marzuz",Exit Sign,M Music Records,24,42,29,285605,4
40,spotify:track:3ukrFH17Zl6iEZ2QJ1Zwiy,"RPT Orijinn, Ronboogz",Don't Côi,Rapital,3,37,71,283690,4
41,spotify:track:0gzpqwLf1jhNjnSJEyweAX,"Kuun Đức Nam, Linh Thộn",Tình cờ yêu em,MaiDao Music,12,51,36,283277,4
42,spotify:track:2kauMp3YNHXULGXyJh4321,"Wren Evans, itsnk",Phóng Đổ Tim Em,Universal Music Indochina,9,47,20,283185,4
43,spotify:track:5ECHJ1llWBNYLVCYrllD3x,"Da LAB, Phương Ly",Chạy Khỏi Thế Giới Này,LOOPS Music,11,46,96,280571,4
44,spotify:track:2qSkIjg1o9h3YT9RAgYN75,Sabrina Carpenter,Espresso,Island Records,44,130,2,278383,4
45,spotify:track:2o1pb13quMReXZqE7jWsgq,Ariana Grande,intro (end of the world),Republic Records,13,39,8,274387,4
46,spotify:track:2JuHIbFudHwDqQssgqsH3i,"Vũ Phụng Tiên, DT Tập Rap, Drum7",Lệ Lưu Ly,Big Arts Entertainment,6,49,32,272619,4
47,spotify:track:1xoadYaxtOp9gHDwgmPDuz,"JSOL, Hoàng Duyên",Sài Gòn Hôm Nay Mưa,Universal Music Indochina,3,57,153,270768,4
48,spotify:track:36OyVzUmUFb1MTTzy3YXbh,Phan Mạnh Quỳnh,"Sau Lời Từ Khước (Theme Song From ""MAI"")",Yin Yang Media,3,44,11,269949,4
49,spotify:track:1njlnn8ZKHI77Pe9szIONR,BABYMONSTER,SHEESH,YG Entertainment,45,45,5,268833,4
50,spotify:track:5LQpQ6SDeaz6SIkR0lvsoC,"GREY D, Chillies",đưa em về nhàa,M Music Records,3,55,54,264223,4
51,spotify:track:0SLhB9JLM4Ksz1XdwK3aQD,"Obito, Shiki, VSTRA",Hà Nội,12 trái lê,11,54,30,263402,4
52,spotify:track:5iZHnufFUgATzrpGgH1K0W,T.R.I,Ánh Sao Và Bầu Trời,Yin Yang Media,1,52,130,262931,4
53,spotify:track:76KYaCx7UjHwlnrqzcovLZ,PC,10 Ngàn Năm,12 trái lê,53,60,99,262371,4
54,spotify:track:51ZQ1vr10ffzbwIjDCwqm4,Ariana Grande,we can't be friends (wait for your love),Republic Records,17,41,8,258791,4
55,spotify:track:2doGmsaPLdot51o80juiYU,"Obito, Shiki, RPT MCK",Đánh Đổi,12 trái lê,7,56,30,256499,4
56,spotify:track:5J3m0taZ0W1E9HTE0MwcSv,Low G,Simp Gái 808,Rap Nhà Làm,9,48,29,255857,4
57,spotify:track:0X28PqBpbQhWdi4usYw0w5,"Wren Evans, itsnk",Tò Te Tí,Universal Music Indochina,3,58,20,255436,4
58,spotify:track:7kgzRBNkBRArtTPkYjWLYT,"14 Casper, Bon Nghiêm",bao tiền một mớ bình yên?,DANDERLÉON,9,62,158,255361,4
59,spotify:track:3G1aAxWS2Nd17FQs4PWV6X,BTS,Run,BIGHIT MUSIC,59,-1,3,247544,4
60,spotify:track:27Z9T0mSWHYWSj9SNOGvyt,"JustaTee, Phương Ly",Thằng Điên,NGUYEN THANH TUAN,2,63,91,245890,4
61,spotify:track:28bxbqNcAuNxYDZYet6eZ7,"RPT MCK, tlinh",Chỉ Một Đêm Nữa Thôi,N0L4B3L,9,59,61,245271,4
62,spotify:track:255vSRpVq5YYKBJiem1BVx,Andree Right Hand,Chơi Như Tụi Mỹ,$maker Music,4,67,50,243710,4
63,spotify:track:3hqOrxH5qPlvrApcb7Ac8c,Ronboogz,Lan Man,MaiDao Music,33,71,55,239607,4
64,spotify:track:4qJSUFwZFouto5VZUlln75,"tlinh, Trung Trần",Thích Quá Rùi Nà,Universal Music Indochina Distributed Labels,34,64,189,238687,4
65,spotify:track:6jcLKVmEKAQIXIVHJZ8vzS,"MONSTAR, GREY D, NICKY, VƯƠNG BÌNH",tình yêu chậm trễ,Yin Yang Media,46,65,73,231069,4
66,spotify:track:3DLtPObflLQBodZN8qGODT,"JustaTee, BigDaddy",2AM,WM Vietnam,18,61,105,230502,4
67,spotify:track:6D94p9ASguBcYlDC0o56vx,HIEUTHUHAI,NOLOVENOLIFE,M Music Records,24,69,29,229459,4
68,spotify:track:1J3SmWwlYAG68LGKr86MVH,Sơn Tùng M-TP,Chúng Ta Của Hiện Tại,Universal Music Indochina Distributed Labels,1,75,176,227716,4
69,spotify:track:0vkExWiBJSrfWnlMC7x48b,UMIE,Không Yêu Xin Đừng Nói - Piano Version,LOOPS Music,37,74,61,223491,4
70,spotify:track:6kCU6i8iRrAAmJJ8Sj4JYC,"Shartnuss, Tr.D, Phankeo",Nắng có mang em về,MaiDao Music,70,91,12,222342,4
71,spotify:track:65aTHDZWUdh6WIafu9MtNF,"HIEUTHUHAI, Negav, Kewtiie",ngủ một mình (tình rất tình),M Music Records,2,76,72,217575,4
72,spotify:track:6IHLOkgZftkcqS3fM0jMCT,"MONO, Onionn.",Em Xinh,M Music Records,10,77,18,214797,4
73,spotify:track:5cml547MByVlaVrKU2lJTg,"Andree Right Hand, Wxrdie, Bình Gold, 2pillz",Em iu,$maker Music,18,92,49,214576,4
74,spotify:track:1K3CXUYKhLYN7koLW5WQjX,Thắng,Xin Lỗi,Thắng,5,101,50,210517,4
75,spotify:track:3QD2NfLEIvMRbzv2uTu4B7,Myra Trần,Anh Chưa Thương Em Đến Vậy Đâu,Sony Music Entertainment,6,89,69,208711,4
76,spotify:track:6Hs2xIgB8nzyGFDvVA8lFa,"Madihu, Low G",Có Em,NGUYEN CHI PHONG,4,81,106,207141,4
77,spotify:track:4gaxEUZE4z9pJAVTSFwgQI,"14 Casper, Bon Nghiêm, buitruonglinh",một đời,DANDERLÉON,70,86,5,206967,4
78,spotify:track:18iADruKMXIloyA9vCJXFE,"An Vũ, Sino",Chàng Trai Bất Tử,Yin Yang Media,56,72,13,205024,4
79,spotify:track:2ddbldKhKrYvOBbYa87cbj,"Vũ., Hà Anh Tuấn",Dành Hết Xuân Thì Để Chờ Nhau,WM Vietnam,13,70,7,204197,4
80,spotify:track:0tGmDUHDoT8pxYhgAT3yNG,"Wren Evans, itsnk",bé ơi từ từ,Universal Music Indochina,8,84,20,203855,4
81,spotify:track:1EmMFSLRVkOszCa4ul9z0F,"W/N, Duongg, Nau, titie",3107 3,Universal Music Indochina Distributed Labels,1,83,144,194743,4
82,spotify:track:4PCh6DAkUYKnEmvjV4ouOs,Bích Phương,Nâng Chén Tiêu Sầu,Yin Yang Media,7,68,8,193930,4
83,spotify:track:1dUmmBh2nw8XzEI3au0uFs,Thịnh Suy,Chết Trong Em,InQ International,4,85,79,193160,4
84,spotify:track:65cM1nyMf9pFDZVV8xmPX9,GREY D,dự báo thời tiết hôm nay mưa,M Music Records,7,88,76,193081,4
85,spotify:track:6iXGivPFpsqKmrINhIbPvx,Lynk Lee,Buồn Thì Cứ Khóc Đi,Lynk Lee,10,95,227,191804,4
86,spotify:track:7LVrrX8pkzI9fMF88nGabt,"Đen, JustaTee",Đi Về Nhà,Đen,3,93,176,191389,4
87,spotify:track:1MiJk3dXC5jzhvLFP0dUM7,Da LAB,Thức Giấc,Yin Yang Media,1,94,147,190116,4
88,spotify:track:1J12HjUuXfJnaUdubTEzSR,HIEUTHUHAI,Nghe Như Tình Yêu,M Music Records,46,106,137,189907,4
89,spotify:track:5f4u0kPnU21qNe6fXgAUiV,"BigDaddy, Emily",Yêu Nắm,Yin Yang Media,26,82,11,188917,4
90,spotify:track:4vfhartd7HDWGJbdVIycEu,Sơn Tùng M-TP,Muộn Rồi Mà Sao Còn,Universal Music Indochina Distributed Labels,1,97,158,187492,4
91,spotify:track:54UNNgtE3zzERwTuWSQLqd,"MONSTAR, GREY D, VƯƠNG BÌNH",có hẹn với thanh xuân,Yin Yang Media,5,90,146,185423,4
92,spotify:track:7j3XQm7RR8T2EzaYtYK4rc,"W/N, Tezzy, Tien",Crush 2,RioX Records,61,137,97,184708,4
93,spotify:track:5J90ah0ppUSev1uahqQiN6,"Andiez, AMEE",Anh Đánh Rơi Người Yêu Này,MaiDao Music,19,132,78,184164,4
94,spotify:track:3ET3xHCLMGd57u06A9RjJ0,Ronboogz,Nói Dối,MaiDao Music,79,120,26,183969,4
95,spotify:track:6QqLjFssCtiZWKET97Qv3n,Sơn Tùng M-TP,Nơi Này Có Anh,Universal Music Indochina Distributed Labels,5,108,256,183103,4
96,spotify:track:45PPoUgqs3JrhkZGEzSUHT,"W/N, ERIK, Nau","3107 4 (feat. Erik, Nâu)",Universal Music Indochina Distributed Labels,24,96,55,182793,4
97,spotify:track:3Ndroo5HpBKKTRGYReAYHM,TRANG,Chưa Được Yêu Như Thế,Trang Music Productions,61,80,7,180843,4
98,spotify:track:4N99EuIjwSSFFFMDfTeOLU,"buitruonglinh, Vũ Phụng Tiên",Em Không Khóc (feat. Vũ Phụng Tiên),Yin Yang Media,98,107,80,180353,4
99,spotify:track:0dBKcPEAsdxWJsqNDNHcPz,"Andree Right Hand, RHYDER, WOKEUP",Dân Chơi Sao Phải Khóc,$maker Music,16,102,17,179980,4
100,spotify:track:0tWqngfOXKN1xOlYK4WwVw,Sơn Tùng M-TP,Âm Thầm Bên Em,Universal Music Indochina Distributed Labels,35,115,184,179260,4
101,spotify:track:4nwdFVU1yT5j9zTaTv1rxk,Thịnh Suy,Mai Mình Xa,InQ International,101,138,3,178000,4
102,spotify:track:5uyNAX6MazVAjBjVeOsTvp,"W/N, Duongg, Nâu",3 1 0 7 (feat. Duongg & Nâu),"HONG AN ENTERTAIMENT,.JSC",11,78,195,177621,4
103,spotify:track:3vkCueOmm7xQDoJ17W1Pm3,Mitski,My Love Mine All Mine,Dead Oceans,30,104,30,177430,4
104,spotify:track:7td8DTWoGC9u9db37mGHX6,"Đen, PiaLinh",Nấu ăn cho em,Đen,8,118,43,177325,4
105,spotify:track:2n00rcPaXcWfFB9irOKOmh,Ronboogz,Anh Chỉ Muốn,MaiDao Music,86,99,16,176962,4
106,spotify:track:72ictTz6o0dusD2QpCn4bn,"Wxrdie, Andree Right Hand, Machiot",TETVOVEN,M Music Records,39,126,22,175768,4
107,spotify:track:6DyotcCWPqKQT8YWireU6L,Low G,Tán Gái 505,Rap Nhà Làm,65,131,50,175079,4
108,spotify:track:2zRzmGerfTxc2epZHgaTdh,"Ngọt, Đen",Cho Tôi Lang Thang,Ngọt,35,125,205,174438,4
109,spotify:track:0AJi38NumMDXqo8pRw6zdh,Ngọt,LẦN CUỐI (đi bên em xót xa người ơi),Ngọt,5,105,166,172527,4
110,spotify:track:1ecVks3GJX8U67DvhVDVBn,AMEE,trời giấu trời mang đi,Yin Yang Media,52,133,66,172135,4
111,spotify:track:53zusvCJkyGYjEZ6bnLIjh,Hà Anh Tuấn,Tháng Tư Là Lời Nói Dối Của Em,Yin Yang Media,49,98,22,170883,4
112,spotify:track:2qWP5ZarXRsdmxzz3L3BtP,"SUNI Hạ Linh, Hoàng Dũng, GREY D, Orange, tlinh",có hẹn với thanh xuân,Universal Music Indochina Distributed Labels,27,121,92,170382,4
113,spotify:track:1fgzQI6AtswiR0JMXulldH,Nguyễn Minh Xuân Ái,Là Từ Lúc,AD Ent,97,110,5,169247,4
114,spotify:track:4x8vUZgiQWB25eS2M0we6Q,"BigDaddy, Emily",Mượn Rượu Tỏ Tình,MUNIZ MUSIC COMPANY LIMITED,1,142,164,169161,4
115,spotify:track:4h3K653rm69JYWpO4du2BJ,Andiez,Chờ Đợi Có Đáng Sợ,Yin Yang Media,76,123,98,167866,4
116,spotify:track:2a5hng9yXtbjtTVVm9UviC,Vũ Cát Tường,Mơ,Universal Music Indochina Distributed Labels,100,139,88,167147,4
117,spotify:track:0Rx4GFPy8ISxPhRwkjl64b,AMEE,"ex's hate me, Pt.2",Yin Yang Media,13,134,86,166251,4
118,spotify:track:7kpNUrBDYDoX6QKGzrBD1R,"RPT MCK, Trung Trần",Thôi Em Đừng Đi,N0L4B3L,8,103,61,166231,4
119,spotify:track:5cn5oHiXJTLiuthgbgfkMh,Vũ Cát Tường,Vết Mưa,Universal Music Indochina Distributed Labels,57,177,25,164745,4
120,spotify:track:1fh5Sf3fFESFOS8D82RQiI,"AMEE, Hoàng Dũng",từ thích thích thành thương thương,Yin Yang Media,6,127,128,164697,4
121,spotify:track:5WIKVELHZYJ4vl3x3xlbZD,"DMT, Dangrangto, TeuYungBoy, summerdayy, Rocky CDE",Ổ Quỷ,Smiley Panda,121,-1,1,163983,4
122,spotify:track:7h2zqUH4bYyknNUxsYnS5V,"PhucXp, Freak D",Như Anh Đã Thấy Em,MaiDao Music,33,119,71,163931,4
123,spotify:track:3440g8awr2l0E5Yy2X5Epk,RPT MCK,Tại Vì Sao,N0L4B3L,3,116,84,163627,4
124,spotify:track:1GJ3suxtUVaguVQRemw6Zp,Andiez,Suýt Nữa Thì...,MaiDao Music,82,117,95,163557,4
125,spotify:track:45Mswno1F7FoZkcmQkp7fi,Wren Evans,Thích Em Hơi Nhiều,Universal Music Indochina,1,122,150,163176,4
126,spotify:track:0MJ5wKsPEeihONNfugHGy7,HYBS,Tip Toe,JUICEY,52,109,23,162993,4
127,spotify:track:4AgFXIVT7hVhBZ5DEOaLu3,Thịnh Suy,tiny love,Yin Yang Media,3,112,126,162792,4
128,spotify:track:3uT8QfoX0BE8ZJa4h98LDW,"Puppy, Dangrangto",Wrong Times,MaiDao Music,73,159,26,162543,4
129,spotify:track:3AejRjgBsFV4HWHjJmmEP7,"GREY D, Orange, Kai Đinh",lời tạm biệt chưa nói,Universal Music Indochina Distributed Labels,22,136,93,162453,4
130,spotify:track:3b34161QoxLwsqhWSPy9i5,Da LAB,Thanh Xuân,Sony Music Entertainment,1,128,297,161239,4
131,spotify:track:5Bti0azlFhMattVY76qFr9,Vũ.,Lạ Lùng,WM Vietnam,17,129,317,161042,4
132,spotify:track:1BxfuPKGuaTgP7aM0Bbdwr,Taylor Swift,Cruel Summer,Taylor Swift,5,114,53,160699,4
133,spotify:track:25edeHHueINMguqu9emCyV,"Đen, Phương Anh Đào",Lối Nhỏ,Đen,1,150,236,160186,4
134,spotify:track:7paCdW3grnoEi95tjO1OkG,Thịnh Suy,Thắc Mắc?,InQ International,134,153,21,159188,4
135,spotify:track:014DA3BdnmD3kI5pBogH7c,"Chillies, SUNI Hạ Linh, Rhymastic",Cứ Chill Thôi,WM Vietnam,5,146,173,159176,4
136,spotify:track:3XCp5o1FUpAH0aj2Hmj5yz,"Wren Evans, itsnk",Call Me,Universal Music Indochina,12,135,38,159000,4
137,spotify:track:2nFXaYb2fWOoUJXMPb6y4C,"Obito, Shiki, Lăng LD",Đầu Đường Xó Chợ,12 trái lê,39,148,26,158856,4
138,spotify:track:5nD5PVXUkIpv0WcwfNFrgS,"Orange, Hoàng Dũng",Khi Em Lớn,Orange,4,145,149,158332,4
139,spotify:track:4S0uLMXRoAjFfIJOW7A8aW,Rhymastic,Nến Và Hoa,WM Vietnam,2,151,203,158013,4
140,spotify:track:0Qs29ApstkrU5T8S5Hxazw,"BigDaddy, Emily",Ngõ Chạm,LOOPS Music,41,143,39,157909,4
141,spotify:track:0eKIEiMHZv0pOxz4iGOXda,"Lil Wuyn, 16 BrT, 16 Typh",TOKYO Cypher,12 trái lê,45,124,26,155505,4
142,spotify:track:0QzuaeCEEOV40Pn7IvKEny,Dhruv,double take,Little Worry/RCA Records,8,149,156,155217,4
143,spotify:track:0pQ67Kp2kED4ISy1ieGPEq,"PC, Dick, tofutns",Ghé Qua,12 trái lê,64,171,189,154191,4
144,spotify:track:7CoOFEoC3xg3iJ2srBsizf,"Winno, Hustlang Robber",Muốn anh đau,Yin Yang Media,106,140,8,154124,4
145,spotify:track:71Q8QWLpvwvfQ6zM5BdCnm,"2T, Văn",Liệu Giờ,LOOPS Music,22,158,191,153573,4
146,spotify:track:3BlB5wlzdbgCJGkuPcNVIW,The Masked Singer,Khóa Ly Biệt,THE MASKED SINGER,53,141,25,151591,4
147,spotify:track:1yo967mk7CpjvruNxBecOY,Thắng,Trước Khi Em Tồn Tại,Thắng,22,161,50,150235,4
148,spotify:track:40fjFtLBN98eDzOS4NfXs5,"Da LAB, Tóc Tiên",Nước Mắt Em Lau Bằng Tình Yêu Mới,MUNIZ MUSIC COMPANY LIMITED,114,160,67,149622,4
149,spotify:track:2UtFCtiSoc30GJ4MUcHDKr,"Obito, Shiki",Tell the kids i love them,12 trái lê,30,152,29,149584,4
150,spotify:track:2F3N9tdombb64aW6VtZOdo,Taylor Swift,Down Bad,Taylor Swift,30,30,2,148407,4
151,spotify:track:3nAwC1qVqRQYiRCrp6q1dU,Winno,Say Đắm Trong Lần Đầu,MaiDao Music,142,172,37,148299,4
152,spotify:track:0UaaFmF3xUwMjnuAHBq7qL,Crush,Love You With All My Heart,소리날리,152,-1,1,148145,4
153,spotify:track:2nR51wakN5K3AJENqGaNg9,"Đen, MIN",Bài Này Chill Phết,Đen,1,174,257,146813,4
154,spotify:track:0wwfocY1CfXcKfMcWSoGXc,buitruonglinh,Yêu Người Có Ước Mơ,LOOPS Music,83,156,55,146790,4
155,spotify:track:6uxuJ8Fr1AAfSPJUF9N1yr,Vũ.,Bước Qua Mùa Cô Đơn,WM Vietnam,1,154,177,146716,4
156,spotify:track:2WOpp4vm16unl0N3i3BNNv,"NÂN, Ngơ",Tình Đắng Như Ly Cà Phê,nân,15,169,226,146179,4
157,spotify:track:3y6kYOBeVg8jtUiBdTR0pD,"Tùng TeA, PC, TaynguyenSound",Già Cùng Nhau Là Được,12 trái lê,70,170,107,145247,4
158,spotify:track:3clfEGdaeSmWM6pDekmZ2G,AMEE,đen đá không đường,Yin Yang Media,97,181,15,144703,4
159,spotify:track:7AD5F85waSb3yZxZxEXhJM,"Tóc Tiên, Touliver",Có Ai Thương Em Như Anh,Yin Yang Media,20,155,100,144485,4
160,spotify:track:4q5YezDOIPcoLr8R81x9qy,Taylor Swift,I Can Do It With a Broken Heart,Taylor Swift,66,66,2,144363,4
161,spotify:track:3XEspwit4d8gwKKgeopfCv,"Sean, Lửa",Em Thích,MaiDao Music,65,190,67,144076,4
162,spotify:track:2YkWEClnZUYazZxq6GQ8OT,"Mer, Kriss Ngo",tâm,LOOPS Music,141,182,6,141479,4
163,spotify:track:5gWnqeM0qdEWl2xQXcs1Kb,"SIVAN, Kai Đinh",haydeanhduoccungemdau,LOOPS Music,140,183,24,141462,4
164,spotify:track:7fNHfgOxPLcg4mQLhCnOHB,"Rapital, Groovie Lã Thắng, tlinh, RPT MCK",XTC (Xích Thêm Chút) (Remix),M Music Records,87,188,148,137894,4
165,spotify:track:5BJqg07SKgmFnVLOBmLFvq,Bùi Anh Tuấn,"Hẹn Một Mai - From"" 4 Năm 2 Chàng 1 Tình Yêu""",Vietnam Music Award,109,164,8,137795,4
166,spotify:track:4Iz5EWPCAT8jYNk4IpLoll,buitruonglinh,Dù Cho Mai Về Sau,Yin Yang Media,10,179,163,137687,4
167,spotify:track:2o4dDfLK6NVI7TjBm5VoMv,"Lou Hoàng, Miu Lê",Yêu Một Người Có Lẽ,Onlyc Entertainment,33,186,123,136667,4
168,spotify:track:2PYDUM2IC01FOTDLQdFxJP,"W/N, Duongg, Nau",3 1 0 7 - 2 (feat. DuongG & Nau),GUM GROUP,27,163,166,136354,4
169,spotify:track:5k33vYUYx48HvbehpZhyel,"Dab, Chilythoi",overtired,Dab,126,175,31,136296,4
170,spotify:track:4TMdpMJNQdcawl8JjZEwLk,Lãng,Nụ hôn Bisou,12 trái lê,10,165,41,135697,4
171,spotify:track:2vYaldhZyuRk6me6yowg8e,Sơn Tùng M-TP,Buông Đôi Tay Nhau Ra,Universal Music Indochina Distributed Labels,86,-1,44,135540,4
172,spotify:track:62SFLTN7txImu8pQwBMP6A,"Tăng Duy Tân, Hoà Minzy",Bật Tình Yêu Lên,Big Arts Entertainment,4,189,63,135397,4
173,spotify:track:2qU7v0idyT8aTp8FVxl23c,"Luxuyen, New$oulz",Đó Chỉ Là Thành Phố Của Anh,Luxuyen,173,-1,2,135062,4
174,spotify:track:5qbjUmVV1yOOjcMOInNPYD,"Kai Đinh, MIN, GREY D",để tôi ôm em bằng giai điệu này,Yin Yang Media,18,167,71,134595,4
175,spotify:track:7oBUoEbCDF748UkHnLusUB,Thịnh Suy,Chuyện Rằng,Yin Yang Media,5,166,195,133156,4
176,spotify:track:1izPmgSW7FV6XFdEOiTvOY,"Changg, Minh Huy",Em Không Hiểu,Universal Music Indochina Distributed Labels,27,195,148,133061,4
177,spotify:track:5AaHvf9iO6RydAIissh0kz,"Obito, Seachains",Simple Love,12 trái lê,155,191,22,132391,4
178,spotify:track:3lwK3WyKAI5bUuGY1OgGbZ,LE SSERAFIM,Smart,SOURCE MUSIC,178,185,5,131478,4
179,spotify:track:6Wi18yv3aoO0ZF4uulguof,"Ngọt, Mạc Mai Sương",Đá tan,Ngọt,55,-1,42,131268,4
180,spotify:track:05X3a0YGmS1rbH50aL8lGF,"Văn Mai Hương, Hứa Kim Tuyền",Một Ngàn Nỗi Đau,Yin Yang Media,7,178,97,130947,4
181,spotify:track:2cJyuhqcXvd6ccvAn8NXsL,tlinh,thế giới thần tiên,Universal Music Indochina Distributed Labels,62,-1,34,130787,4
182,spotify:track:1Vla7vXcM0zimotYpresDT,tlinh,tình yêu có nghĩa là gì?,Universal Music Indochina Distributed Labels,7,196,38,130344,4
183,spotify:track:4acXEYw7ayyJnm9GXDrqiL,"Binz, Nomovodka",Hit Me Up (feat. Nomovodka),Spacespeakers,4,187,28,128710,4
184,spotify:track:3rUGC1vUpkDG9CZFHMur1t,Tate McRae,greedy,RCA Records Label,107,173,30,126170,4
185,spotify:track:1Gu3moX7qQp4t2jk6kJ0C6,Đức Phúc,Cũng Đành Thôi,Đức Phúc Official,63,180,125,126116,4
186,spotify:track:0hiQvlWSSTr7n1kc1X2Lus,"HIEUTHUHAI, Harmonie",Bật Nhạc Lên,GERDNANG,59,184,184,125674,4
187,spotify:track:68EMU2RD1ECNeOeJ5qAXCV,"Charlie Puth, Selena Gomez",We Don't Talk Anymore (feat. Selena Gomez),Artist Partner,71,-1,196,124738,4
188,spotify:track:1sEOTXdVl8X7SzuJi0P1cq,"Dept, Ashley Alisha",Van Gogh (feat. Ashley Alisha),WM Korea,41,192,22,124492,4
189,spotify:track:4YSryHqsD82Krc81l1EJD5,"tlinh, 2pillz, WOKEUP",ghệ iu dấu của em ơi,Universal Music Indochina Distributed Labels,8,-1,61,123679,4
190,spotify:track:3J3nv18iIrOhca1ZWNeuyW,JustaTee,Đã Lỡ Yêu Em Nhiều,NGUYEN THANH TUAN,36,198,75,122864,4
191,spotify:track:3nw5vYaH4qVx8joq3qhtNx,Low G,Okeokeoke,Rap Nhà Làm,103,-1,55,122821,4
192,spotify:track:1w3eUC89GPspKpi62tPwjt,Hoàng Dũng,Nàng Thơ,Yin Yang Media,2,-1,191,122811,4
193,spotify:track:7GDgpad2BQVuDUzaxHFakc,BABYMONSTER,LIKE THAT,YG Entertainment,110,162,5,122118,4
194,spotify:track:10AZ3ChoIGMxvcCoFsoFjf,GREY D,nhạt-fine,M Music Records,110,147,3,121923,4
195,spotify:track:3ztP5O7dJSha2PG429eUCb,Jack - J97,Thiên Lý Ơi,MIXUS,53,176,10,121814,4
196,spotify:track:41aMYNen9G7uUbqLfV65cF,"Rapital, RPT MCK, Phongkhin",Tay To,M Music Records,58,-1,145,120666,4
197,spotify:track:6hUpxEKFSjS8metuA1yxlf,SOOBIN,Vai Lan Don Dua,Space Speakers,48,194,184,120512,4
198,spotify:track:11OxuU5y7ebAJyKaY8dOl0,"PAR SG, New$oulZ",Lý Do Nào Để Quay Lại Với Nhau,MaiDao Music,104,197,25,120463,4
199,spotify:track:5Odq8ohlgIbQKMZivbWkEo,"Charlie Puth, Jung Kook, BTS",Left and Right (Feat. Jung Kook of BTS),Atlantic Records,1,-1,76,119822,4
200,spotify:track:57FeZINjlat9NLEhYUejmd,"VSOUL, MFREE, TUYEN VO",NGTANOISE,VSOUL,83,-1,41,119402,4
1,spotify:track:2KslE17cAJNHTsI2MI0jb2,Jung Kook,Standing Next to You,BIGHIT MUSIC,1,2,30,1206367,5
2,spotify:track:2HRgqmZQC0MC7GeNuDIXHN,"Jung Kook, Latto",Seven (feat. Latto) (Explicit Ver.),BIGHIT MUSIC,1,3,47,1185516,5
3,spotify:track:2N0SPREDYqILVEFSsWF5N5,V,Love Me Again,BIGHIT MUSIC,2,4,43,923121,5
4,spotify:track:3Ua0m0YmEjrMi9XErKcNiR,Jimin,Like Crazy,BIGHIT MUSIC,1,5,63,543957,5
5,spotify:track:0PBTlQ84CBJF0tBnKGmQa6,V,FRI(END)S,BIGHIT MUSIC,1,6,12,531444,5
6,spotify:track:02H58MSfVESkKyx4diDgu7,RM,LOST!,BIGHIT MUSIC,1,1,2,507797,5
7,spotify:track:2xOhv7XudrBDtkID1jwsFE,Vũ Cát Tường,Từng Là,Universal Music Indochina Distributed Labels,2,7,14,467497,5
8,spotify:track:3OVMe3H6iAxbLF8iD2UYrw,Sơn Tùng M-TP,Chúng Ta Của Tương Lai,Universal Music Indochina Distributed Labels,1,9,13,435723,5
9,spotify:track:4qYfRfSxsmhJ1WMaywtLyI,"Wren Evans, itsnk",Từng Quen,Universal Music Indochina,1,8,32,434675,5
10,spotify:track:4fj4Jn4nw8fGX8xdbCntJf,"CoolKid, RHYDER",Sau Cơn Mưa,MaiDao Music,8,11,40,430901,5
11,spotify:track:1khMN4Adfi3LrZvxOq4YM5,"VSOUL, RPT MCK, Obito, Ronboogz, Boyzed","Buồn Hay Vui (feat. RPT MCK, Obito, Ronboogz & Boyzed)",12 trái lê,3,17,24,401007,5
12,spotify:track:4CUvVaAYuXtvYURLFz7EIL,"Emcee L (Da LAB), Da LAB, Muộii (Starry Night)",Chuyện Đôi Ta (feat. Muộii),Yin Yang Media,3,13,131,384572,5
13,spotify:track:1bG6Q8sR8jda7ryI365y8o,"Vũ., Dear Jane",Những Lời Hứa Bỏ Quên,WM Vietnam,1,12,25,377135,5
14,spotify:track:0SLhB9JLM4Ksz1XdwK3aQD,"Obito, Shiki, VSTRA",Hà Nội,12 trái lê,10,10,35,375484,5
15,spotify:track:5WIKVELHZYJ4vl3x3xlbZD,"DMT, Dangrangto, TeuYungBoy, summerdayy, Rocky CDE",Ổ Quỷ,Smiley Panda,15,28,6,354757,5
16,spotify:track:2uZmeuNAxSm7XfVIwLkhCx,Ronboogz,nhắn nhủ,MaiDao Music,14,14,25,350354,5
17,spotify:track:5PLjpBivzvuaIIqqkQgnRK,"GREY D, tlinh",vaicaunoicokhiennguoithaydoi,M Music Records,2,19,103,337599,5
18,spotify:track:4exlWP8cokkWVCvyP3kg7c,"tlinh, 2pillz",nếu lúc đó,Universal Music Indochina Distributed Labels,1,16,66,331826,5
19,spotify:track:4nXrVH5xwN1w6TpmP7uu8n,"HIEUTHUHAI, marzuz",Exit Sign,M Music Records,19,23,34,328672,5
20,spotify:track:1K0HQ30Wc11okzlcnFA7Ub,HIEUTHUHAI,Không Thể Say,M Music Records,7,27,59,328665,5
21,spotify:track:1o6cYDMHvKOfizi4d9Lqxr,W/N,id 072019,Universal Music Indochina Distributed Labels,3,24,45,318457,5
22,spotify:track:4sgMbwl9lXGyHcHmtFYGMm,aespa,Supernova,SM Entertainment,15,15,4,314690,5
23,spotify:track:5T6j0rfpCDBzAxC8Fpd0N7,"Low G, Thắng",An Thần,Rap Nhà Làm,2,21,137,309812,5
24,spotify:track:6VXVYATpQXEIoZ97NnWCmn,"Madihu, Vũ.",Vì Anh Đâu Có Biết,WM Vietnam,2,30,96,309466,5
25,spotify:track:2qSkIjg1o9h3YT9RAgYN75,Sabrina Carpenter,Espresso,Island Records,13,29,7,308874,5
26,spotify:track:7tFwBnuaGXqiiONukPRaCo,Minh Huy,Miên Man,LOOPS Music,11,32,40,308021,5
27,spotify:track:1aKvZDoLGkNMxoRYgkckZG,ILLIT,Magnetic,BELIFT LAB,5,26,11,306345,5
28,spotify:track:7jLSThU5Kg1RWt19Leiaxm,"RPT MCK, Trung Trần",Chìm Sâu,N0L4B3L,1,22,119,304210,5
29,spotify:track:5C1O3fpMsiisJpHiB1uuDf,"52Hz, RIO",ĐỢI (Prod. RIO),DAO Entertainment,13,31,22,290017,5
30,spotify:track:6i8MbzVn4nzyjUcSoVcz7B,aespa,Armageddon,SM Entertainment,30,61,2,285523,5
31,spotify:track:3a2Oftcs10wtzw6AmxuTMU,Olew,Rồi Ta Sẽ Ngắm Pháo Hoa Cùng Nhau,LOOPS Music,8,25,72,284517,5
32,spotify:track:7CyPwkp0oE8Ro9Dd5CUDjW,"The Weeknd, JENNIE, Lily-Rose Depp","One Of The Girls (with JENNIE, Lily Rose Depp)",XO / Republic Records,11,34,50,282707,5
33,spotify:track:1xoadYaxtOp9gHDwgmPDuz,"JSOL, Hoàng Duyên",Sài Gòn Hôm Nay Mưa,Universal Music Indochina,3,40,158,278790,5
34,spotify:track:5BTzf3doGTigDIYUFtbkI9,"Emcee L (Da LAB), Da LAB, Badbies",Sinh Ra Đã Là Thứ Đối Lập Nhau (feat. Badbies),Yin Yang Media,5,38,180,275520,5
35,spotify:track:01qFKNWq73UfEslI0GvumE,"Jung Kook, Jack Harlow",3D (feat. Jack Harlow),BIGHIT MUSIC,2,49,36,274448,5
36,spotify:track:3ZbZtdEw9U0uZW4tZItIwq,"RHYDER, CoolKid, BAN",Chịu Cách Mình Nói Thua,RHYDER,6,37,28,267450,5
37,spotify:track:7kgzRBNkBRArtTPkYjWLYT,"14 Casper, Bon Nghiêm",bao tiền một mớ bình yên?,DANDERLÉON,9,45,163,264935,5
38,spotify:track:5ECHJ1llWBNYLVCYrllD3x,"Da LAB, Phương Ly",Chạy Khỏi Thế Giới Này,LOOPS Music,11,33,101,264134,5
39,spotify:track:3A9A7mfVDVm3rrS9SMGhg5,Kha,Hư không,MaiDao Music,22,36,21,263645,5
40,spotify:track:3K7RddI2L8Wiv7uIbrhfLc,"The Masked Singer, Lâm Bảo Ngọc, Hứa Kim Tuyền",Rồi Em Sẽ Gặp Một Chàng Trai Khác,THE MASKED SINGER,11,39,29,260768,5
41,spotify:track:76KYaCx7UjHwlnrqzcovLZ,PC,10 Ngàn Năm,12 trái lê,35,35,104,259658,5
42,spotify:track:3ukrFH17Zl6iEZ2QJ1Zwiy,"RPT Orijinn, Ronboogz",Don't Côi,Rapital,3,43,76,256434,5
43,spotify:track:0kHgteR4TV4LO80wrasDSR,"Karik, GDucky",Bạn Đời,WM Vietnam,5,42,36,245249,5
44,spotify:track:4jWmhzf53Q0ZvZMuGdiR9x,"WEAN, tlinh",shhhhhhh..,WEAN,9,44,35,244673,5
45,spotify:track:2doGmsaPLdot51o80juiYU,"Obito, Shiki, RPT MCK",Đánh Đổi,12 trái lê,7,41,35,241546,5
46,spotify:track:38tXZcL1gZRfbqfOG0VMTH,NewJeans,How Sweet,ADOR,20,20,2,241196,5
47,spotify:track:5iZHnufFUgATzrpGgH1K0W,T.R.I,Ánh Sao Và Bầu Trời,Yin Yang Media,1,53,135,234496,5
48,spotify:track:255vSRpVq5YYKBJiem1BVx,Andree Right Hand,Chơi Như Tụi Mỹ,$maker Music,4,66,55,234435,5
49,spotify:track:27Z9T0mSWHYWSj9SNOGvyt,"JustaTee, Phương Ly",Thằng Điên,NGUYEN THANH TUAN,2,51,96,234429,5
50,spotify:track:6KgZf5gZgF1KLNxq1qZgHP,Phương Ly,Anh Là Ngoại Lệ Của Em,WM Vietnam,7,48,35,233121,5
51,spotify:track:5LQpQ6SDeaz6SIkR0lvsoC,"GREY D, Chillies",đưa em về nhàa,M Music Records,3,50,59,225345,5
52,spotify:track:0gzpqwLf1jhNjnSJEyweAX,"Kuun Đức Nam, Linh Thộn",Tình cờ yêu em,MaiDao Music,12,56,41,224541,5
53,spotify:track:3YctJXK6kznnWl68TnYobN,RPT MCK,Anh Đã Ổn Hơn,N0L4B3L,3,46,66,224062,5
54,spotify:track:0vkExWiBJSrfWnlMC7x48b,UMIE,Không Yêu Xin Đừng Nói - Piano Version,LOOPS Music,37,55,66,222721,5
55,spotify:track:4keuUM29CtIWgsPRzRhXoW,XG,WOKE UP,XGALX,55,81,2,220863,5
56,spotify:track:6D94p9ASguBcYlDC0o56vx,HIEUTHUHAI,NOLOVENOLIFE,M Music Records,24,62,34,218110,5
57,spotify:track:1J3SmWwlYAG68LGKr86MVH,Sơn Tùng M-TP,Chúng Ta Của Hiện Tại,Universal Music Indochina Distributed Labels,1,63,181,217177,5
58,spotify:track:4NTanSVXBkQ2NmDEbr2vLE,"Kai Đinh, GREY D, Hoàng Thùy Linh",Trái đất ôm Mặt trời,Yin Yang Media,8,52,24,217028,5
59,spotify:track:65aTHDZWUdh6WIafu9MtNF,"HIEUTHUHAI, Negav, Kewtiie",ngủ một mình (tình rất tình),M Music Records,2,73,77,216994,5
60,spotify:track:2kauMp3YNHXULGXyJh4321,"Wren Evans, itsnk",Phóng Đổ Tim Em,Universal Music Indochina,9,54,25,213868,5
61,spotify:track:3hqOrxH5qPlvrApcb7Ac8c,Ronboogz,Lan Man,MaiDao Music,33,57,60,212227,5
62,spotify:track:4N99EuIjwSSFFFMDfTeOLU,"buitruonglinh, Vũ Phụng Tiên",Em Không Khóc (feat. Vũ Phụng Tiên),Yin Yang Media,62,93,85,208666,5
63,spotify:track:51ZQ1vr10ffzbwIjDCwqm4,Ariana Grande,we can't be friends (wait for your love),Republic Records,17,60,13,207478,5
64,spotify:track:0tCr7DoUBSdtdSl0rxZmct,10CM,Spring Snow,"Genie Music Corporation, Stone Music Entertainment",58,58,3,206397,5
65,spotify:track:1EmMFSLRVkOszCa4ul9z0F,"W/N, Duongg, Nau, titie",3107 3,Universal Music Indochina Distributed Labels,1,68,149,201608,5
66,spotify:track:2JuHIbFudHwDqQssgqsH3i,"Vũ Phụng Tiên, DT Tập Rap, Drum7",Lệ Lưu Ly,Big Arts Entertainment,6,69,37,201473,5
67,spotify:track:1SS0WlKhJewviwEDZ6dWj0,"ZICO, JENNIE",SPOT!,KOZ Entertainment,11,47,6,200471,5
68,spotify:track:0pQ67Kp2kED4ISy1ieGPEq,"PC, Dick, tofutns",Ghé Qua,12 trái lê,64,75,194,198178,5
69,spotify:track:0QzuaeCEEOV40Pn7IvKEny,Dhruv,double take,Little Worry/RCA Records,8,76,161,198148,5
70,spotify:track:4vfhartd7HDWGJbdVIycEu,Sơn Tùng M-TP,Muộn Rồi Mà Sao Còn,Universal Music Indochina Distributed Labels,1,78,163,197705,5
71,spotify:track:5J3m0taZ0W1E9HTE0MwcSv,Low G,Simp Gái 808,Rap Nhà Làm,9,65,34,197587,5
72,spotify:track:2o1pb13quMReXZqE7jWsgq,Ariana Grande,intro (end of the world),Republic Records,13,64,13,194961,5
73,spotify:track:3DLtPObflLQBodZN8qGODT,"JustaTee, BigDaddy",2AM,WM Vietnam,18,71,110,194931,5
74,spotify:track:2OzhQlSqBEmt7hmkYxfT6m,"Taylor Swift, Post Malone",Fortnight (feat. Post Malone),Taylor Swift,2,67,7,192635,5
75,spotify:track:28bxbqNcAuNxYDZYet6eZ7,"RPT MCK, tlinh",Chỉ Một Đêm Nữa Thôi,N0L4B3L,9,79,66,190986,5
76,spotify:track:6iXGivPFpsqKmrINhIbPvx,Lynk Lee,Buồn Thì Cứ Khóc Đi,Lynk Lee,10,111,232,189606,5
77,spotify:track:5nD5PVXUkIpv0WcwfNFrgS,"Orange, Hoàng Dũng",Khi Em Lớn,Orange,4,105,154,189365,5
78,spotify:track:62HKW77nt6tudsIHXT2A0M,RM,Come back to me,BIGHIT MUSIC,1,18,4,188193,5
79,spotify:track:65cM1nyMf9pFDZVV8xmPX9,GREY D,dự báo thời tiết hôm nay mưa,M Music Records,7,95,81,188141,5
80,spotify:track:6kCU6i8iRrAAmJJ8Sj4JYC,"Shartnuss, Tr.D, Phankeo",Nắng có mang em về,MaiDao Music,70,99,17,187570,5
81,spotify:track:6QqLjFssCtiZWKET97Qv3n,Sơn Tùng M-TP,Nơi Này Có Anh,Universal Music Indochina Distributed Labels,5,114,261,187489,5
82,spotify:track:0tWqngfOXKN1xOlYK4WwVw,Sơn Tùng M-TP,Âm Thầm Bên Em,Universal Music Indochina Distributed Labels,35,83,189,185382,5
83,spotify:track:1J12HjUuXfJnaUdubTEzSR,HIEUTHUHAI,Nghe Như Tình Yêu,M Music Records,46,88,142,184930,5
84,spotify:track:4gaxEUZE4z9pJAVTSFwgQI,"14 Casper, Bon Nghiêm, buitruonglinh",một đời,DANDERLÉON,62,80,10,184607,5
85,spotify:track:0g7d8Y9Y2BP8qFZDzngnSz,"Chi Pu, Hứa Kim Tuyền",Finding You,The First Management,59,59,2,184336,5
86,spotify:track:6jcLKVmEKAQIXIVHJZ8vzS,"MONSTAR, GREY D, NICKY, VƯƠNG BÌNH",tình yêu chậm trễ,Yin Yang Media,46,85,78,184200,5
87,spotify:track:5cml547MByVlaVrKU2lJTg,"Andree Right Hand, Wxrdie, Bình Gold, 2pillz",Em iu,$maker Music,18,84,54,183755,5
88,spotify:track:5J90ah0ppUSev1uahqQiN6,"Andiez, AMEE",Anh Đánh Rơi Người Yêu Này,MaiDao Music,19,96,83,183416,5
89,spotify:track:0X28PqBpbQhWdi4usYw0w5,"Wren Evans, itsnk",Tò Te Tí,Universal Music Indochina,3,89,25,182845,5
90,spotify:track:6Hs2xIgB8nzyGFDvVA8lFa,"Madihu, Low G",Có Em,NGUYEN CHI PHONG,4,86,111,180739,5
91,spotify:track:1MiJk3dXC5jzhvLFP0dUM7,Da LAB,Thức Giấc,Yin Yang Media,1,91,152,180005,5
92,spotify:track:7LVrrX8pkzI9fMF88nGabt,"Đen, JustaTee",Đi Về Nhà,Đen,3,115,181,179939,5
93,spotify:track:7j3XQm7RR8T2EzaYtYK4rc,"W/N, Tezzy, Tien",Crush 2,RioX Records,61,92,102,179580,5
94,spotify:track:5uyNAX6MazVAjBjVeOsTvp,"W/N, Duongg, Nâu",3 1 0 7 (feat. Duongg & Nâu),"HONG AN ENTERTAIMENT,.JSC",11,106,200,179455,5
95,spotify:track:2n00rcPaXcWfFB9irOKOmh,Ronboogz,Anh Chỉ Muốn,MaiDao Music,77,77,21,178483,5
96,spotify:track:3QD2NfLEIvMRbzv2uTu4B7,Myra Trần,Anh Chưa Thương Em Đến Vậy Đâu,Sony Music Entertainment,6,90,74,178374,5
97,spotify:track:3ET3xHCLMGd57u06A9RjJ0,Ronboogz,Nói Dối,MaiDao Music,79,87,31,178270,5
98,spotify:track:1dUmmBh2nw8XzEI3au0uFs,Thịnh Suy,Chết Trong Em,InQ International,4,72,84,176305,5
99,spotify:track:1GJ3suxtUVaguVQRemw6Zp,Andiez,Suýt Nữa Thì...,MaiDao Music,82,102,100,175458,5
100,spotify:track:36OyVzUmUFb1MTTzy3YXbh,Phan Mạnh Quỳnh,"Sau Lời Từ Khước (Theme Song From ""MAI"")",Yin Yang Media,3,74,16,175002,5
101,spotify:track:3uT8QfoX0BE8ZJa4h98LDW,"Puppy, Dangrangto",Wrong Times,MaiDao Music,73,98,31,173948,5
102,spotify:track:2nFXaYb2fWOoUJXMPb6y4C,"Obito, Shiki, Lăng LD",Đầu Đường Xó Chợ,12 trái lê,39,100,31,172359,5
103,spotify:track:2a5hng9yXtbjtTVVm9UviC,Vũ Cát Tường,Mơ,Universal Music Indochina Distributed Labels,86,109,93,171437,5
104,spotify:track:0wwfocY1CfXcKfMcWSoGXc,buitruonglinh,Yêu Người Có Ước Mơ,LOOPS Music,83,132,60,169832,5
105,spotify:track:2qWP5ZarXRsdmxzz3L3BtP,"SUNI Hạ Linh, Hoàng Dũng, GREY D, Orange, tlinh",có hẹn với thanh xuân,Universal Music Indochina Distributed Labels,27,103,97,168237,5
106,spotify:track:6IHLOkgZftkcqS3fM0jMCT,"MONO, Onionn.",Em Xinh,M Music Records,10,101,23,167566,5
107,spotify:track:1njlnn8ZKHI77Pe9szIONR,BABYMONSTER,SHEESH,YG Entertainment,45,120,10,166101,5
108,spotify:track:1K3CXUYKhLYN7koLW5WQjX,Thắng,Xin Lỗi,Thắng,5,94,55,165769,5
109,spotify:track:3AejRjgBsFV4HWHjJmmEP7,"GREY D, Orange, Kai Đinh",lời tạm biệt chưa nói,Universal Music Indochina Distributed Labels,22,121,98,164561,5
110,spotify:track:4qJSUFwZFouto5VZUlln75,"tlinh, Trung Trần",Thích Quá Rùi Nà,Universal Music Indochina Distributed Labels,34,110,194,164495,5
111,spotify:track:4nwdFVU1yT5j9zTaTv1rxk,Thịnh Suy,Mai Mình Xa,InQ International,85,104,8,164430,5
112,spotify:track:2zRzmGerfTxc2epZHgaTdh,"Ngọt, Đen",Cho Tôi Lang Thang,Ngọt,35,112,210,164186,5
113,spotify:track:68EMU2RD1ECNeOeJ5qAXCV,"Charlie Puth, Selena Gomez",We Don't Talk Anymore (feat. Selena Gomez),Artist Partner,71,144,201,162949,5
114,spotify:track:6DyotcCWPqKQT8YWireU6L,Low G,Tán Gái 505,Rap Nhà Làm,65,113,55,162907,5
115,spotify:track:45PPoUgqs3JrhkZGEzSUHT,"W/N, ERIK, Nau","3107 4 (feat. Erik, Nâu)",Universal Music Indochina Distributed Labels,24,119,60,161000,5
116,spotify:track:1LxaXT8hwdBWSNpOqTjF8R,SOOBIN,giá như,Spacespeakers,13,107,8,160588,5
117,spotify:track:0dBKcPEAsdxWJsqNDNHcPz,"Andree Right Hand, RHYDER, WOKEUP",Dân Chơi Sao Phải Khóc,$maker Music,16,158,22,160516,5
118,spotify:track:1izPmgSW7FV6XFdEOiTvOY,"Changg, Minh Huy",Em Không Hiểu,Universal Music Indochina Distributed Labels,27,131,153,160233,5
119,spotify:track:5Bti0azlFhMattVY76qFr9,Vũ.,Lạ Lùng,WM Vietnam,17,125,322,160204,5
120,spotify:track:5AJ9hqTS2wcFQCELCFRO7A,Tommy Richman,MILLION DOLLAR BABY,PULSE Records,84,97,4,158833,5
121,spotify:track:3b34161QoxLwsqhWSPy9i5,Da LAB,Thanh Xuân,Sony Music Entertainment,1,124,302,157817,5
122,spotify:track:0tGmDUHDoT8pxYhgAT3yNG,"Wren Evans, itsnk",bé ơi từ từ,Universal Music Indochina,8,127,25,156644,5
123,spotify:track:6dOtVTDdiauQNBQEDOtlAB,Billie Eilish,BIRDS OF A FEATHER,Darkroom/Interscope Records,123,160,3,156383,5
124,spotify:track:3XEspwit4d8gwKKgeopfCv,"Sean, Lửa",Em Thích,MaiDao Music,65,135,72,154764,5
125,spotify:track:7td8DTWoGC9u9db37mGHX6,"Đen, PiaLinh",Nấu ăn cho em,Đen,8,116,48,154166,5
126,spotify:track:18iADruKMXIloyA9vCJXFE,"An Vũ, Sino",Chàng Trai Bất Tử,Yin Yang Media,56,117,18,153558,5
127,spotify:track:4AgFXIVT7hVhBZ5DEOaLu3,Thịnh Suy,tiny love,Yin Yang Media,3,129,131,152740,5
128,spotify:track:72ictTz6o0dusD2QpCn4bn,"Wxrdie, Andree Right Hand, Machiot",TETVOVEN,M Music Records,39,133,27,152313,5
129,spotify:track:25edeHHueINMguqu9emCyV,"Đen, Phương Anh Đào",Lối Nhỏ,Đen,1,126,241,151794,5
130,spotify:track:1BxfuPKGuaTgP7aM0Bbdwr,Taylor Swift,Cruel Summer,Taylor Swift,5,140,58,151601,5
131,spotify:track:2ddbldKhKrYvOBbYa87cbj,"Vũ., Hà Anh Tuấn",Dành Hết Xuân Thì Để Chờ Nhau,WM Vietnam,13,118,12,151397,5
132,spotify:track:3vkCueOmm7xQDoJ17W1Pm3,Mitski,My Love Mine All Mine,Dead Oceans,30,130,35,151114,5
133,spotify:track:014DA3BdnmD3kI5pBogH7c,"Chillies, SUNI Hạ Linh, Rhymastic",Cứ Chill Thôi,WM Vietnam,5,188,178,149592,5
134,spotify:track:71Q8QWLpvwvfQ6zM5BdCnm,"2T, Văn",Liệu Giờ,LOOPS Music,22,134,196,149009,5
135,spotify:track:4h3K653rm69JYWpO4du2BJ,Andiez,Chờ Đợi Có Đáng Sợ,Yin Yang Media,76,122,103,148145,5
136,spotify:track:629DixmZGHc7ILtEntuiWE,Billie Eilish,LUNCH,Darkroom/Interscope Records,58,82,3,146723,5
137,spotify:track:54UNNgtE3zzERwTuWSQLqd,"MONSTAR, GREY D, VƯƠNG BÌNH",có hẹn với thanh xuân,Yin Yang Media,5,138,151,146632,5
138,spotify:track:0Qs29ApstkrU5T8S5Hxazw,"BigDaddy, Emily",Ngõ Chạm,LOOPS Music,41,148,44,146456,5
139,spotify:track:1Qrg8KqiBpW07V7PNxwwwL,SZA,Kill Bill,Top Dawg Entertainment/RCA Records,6,170,70,144994,5
140,spotify:track:19D8LNpWwIPpi6hs9BG7dq,NewJeans,Bubble Gum,ADOR,70,70,2,144809,5
141,spotify:track:50cmxP6KlnQA9IG3q5ckKD,Chillies,Mascara,WM Vietnam,3,-1,176,142885,5
142,spotify:track:2nR51wakN5K3AJENqGaNg9,"Đen, MIN",Bài Này Chill Phết,Đen,1,157,262,142114,5
143,spotify:track:0MJ5wKsPEeihONNfugHGy7,HYBS,Tip Toe,JUICEY,52,153,28,142053,5
144,spotify:track:5cn5oHiXJTLiuthgbgfkMh,Vũ Cát Tường,Vết Mưa,Universal Music Indochina Distributed Labels,57,167,30,141775,5
145,spotify:track:7paCdW3grnoEi95tjO1OkG,Thịnh Suy,Thắc Mắc?,InQ International,110,137,26,141565,5
146,spotify:track:6uxuJ8Fr1AAfSPJUF9N1yr,Vũ.,Bước Qua Mùa Cô Đơn,WM Vietnam,1,151,182,141543,5
147,spotify:track:2PYDUM2IC01FOTDLQdFxJP,"W/N, Duongg, Nau",3 1 0 7 - 2 (feat. DuongG & Nau),GUM GROUP,27,149,171,141113,5
148,spotify:track:1R1AFI3iNOYr0pGHwjFQBG,B Ray,Cao Ốc 20,Great Entertainment,128,128,8,140438,5
149,spotify:track:45Mswno1F7FoZkcmQkp7fi,Wren Evans,Thích Em Hơi Nhiều,Universal Music Indochina,1,161,155,139079,5
150,spotify:track:7ykRltK3k4QHFGqOdgn8Ew,Đạt G,Thêm Bao Nhiêu Lâu,12 trái lê,150,193,2,138649,5
151,spotify:track:53zusvCJkyGYjEZ6bnLIjh,Hà Anh Tuấn,Tháng Tư Là Lời Nói Dối Của Em,Yin Yang Media,49,154,27,137394,5
152,spotify:track:1OhIn0L6iofnk5bjalWfHq,ECLIPSE,Sudden Shower,"Genie Music Corporation, Stone Music Entertainment",152,174,4,136611,5
153,spotify:track:7GDgpad2BQVuDUzaxHFakc,BABYMONSTER,LIKE THAT,YG Entertainment,110,-1,6,136436,5
154,spotify:track:3440g8awr2l0E5Yy2X5Epk,RPT MCK,Tại Vì Sao,N0L4B3L,3,155,89,136299,5
155,spotify:track:2M2nM9t0YQoXMTnFH8AXBu,"Huỳnh Tú, Andiez",Đường Một Chiều,Huỳnh Tú,114,180,60,136095,5
156,spotify:track:1Gu3moX7qQp4t2jk6kJ0C6,Đức Phúc,Cũng Đành Thôi,Đức Phúc Official,63,-1,129,135329,5
157,spotify:track:2vYaldhZyuRk6me6yowg8e,Sơn Tùng M-TP,Buông Đôi Tay Nhau Ra,Universal Music Indochina Distributed Labels,86,185,49,134970,5
158,spotify:track:1m4BSQjgXAfoR4dBAapAr7,"Masew, B Ray, REDT, Ý Tiên",Lửng Lơ,SKY Music JSC,113,192,78,134248,5
159,spotify:track:1yo967mk7CpjvruNxBecOY,Thắng,Trước Khi Em Tồn Tại,Thắng,22,181,55,133222,5
160,spotify:track:3y6kYOBeVg8jtUiBdTR0pD,"Tùng TeA, PC, TaynguyenSound",Già Cùng Nhau Là Được,12 trái lê,70,145,112,132913,5
161,spotify:track:7h2zqUH4bYyknNUxsYnS5V,"PhucXp, Freak D",Như Anh Đã Thấy Em,MaiDao Music,33,156,76,132797,5
162,spotify:track:3BlB5wlzdbgCJGkuPcNVIW,The Masked Singer,Khóa Ly Biệt,THE MASKED SINGER,53,166,30,130438,5
163,spotify:track:4Iz5EWPCAT8jYNk4IpLoll,buitruonglinh,Dù Cho Mai Về Sau,Yin Yang Media,10,194,168,130054,5
164,spotify:track:0hiQvlWSSTr7n1kc1X2Lus,"HIEUTHUHAI, Harmonie",Bật Nhạc Lên,GERDNANG,59,176,189,129588,5
165,spotify:track:2UtFCtiSoc30GJ4MUcHDKr,"Obito, Shiki",Tell the kids i love them,12 trái lê,30,136,34,128598,5
166,spotify:track:0AJi38NumMDXqo8pRw6zdh,Ngọt,LẦN CUỐI (đi bên em xót xa người ơi),Ngọt,5,177,171,128445,5
167,spotify:track:2WOpp4vm16unl0N3i3BNNv,"NÂN, Ngơ",Tình Đắng Như Ly Cà Phê,nân,15,162,231,127828,5
168,spotify:track:5S1qhBgTprx5CFkLmmU95i,"buitruonglinh, Vũ Phụng Tiên, Đậu Tất Đạt",Lựa Chọn Của Em,LOOPS Music,168,-1,1,127622,5
169,spotify:track:5AaHvf9iO6RydAIissh0kz,"Obito, Seachains",Simple Love,12 trái lê,155,163,27,127493,5
170,spotify:track:7kpNUrBDYDoX6QKGzrBD1R,"RPT MCK, Trung Trần",Thôi Em Đừng Đi,N0L4B3L,8,173,66,127374,5
171,spotify:track:7oBUoEbCDF748UkHnLusUB,Thịnh Suy,Chuyện Rằng,Yin Yang Media,5,164,200,127137,5
172,spotify:track:1fgzQI6AtswiR0JMXulldH,Nguyễn Minh Xuân Ái,Là Từ Lúc,AD Ent,97,147,10,126960,5
173,spotify:track:56n21o9wtl9IjFVsGe7BG1,Bùi Anh Tuấn,Thuận Theo Ý Trời,Sky Music Jsc,62,190,85,126116,5
174,spotify:track:7AD5F85waSb3yZxZxEXhJM,"Tóc Tiên, Touliver",Có Ai Thương Em Như Anh,Yin Yang Media,20,169,105,125099,5
175,spotify:track:2o4dDfLK6NVI7TjBm5VoMv,"Lou Hoàng, Miu Lê",Yêu Một Người Có Lẽ,Onlyc Entertainment,33,196,128,124728,5
176,spotify:track:5gWnqeM0qdEWl2xQXcs1Kb,"SIVAN, Kai Đinh",haydeanhduoccungemdau,LOOPS Music,140,168,29,124434,5
177,spotify:track:4S0uLMXRoAjFfIJOW7A8aW,Rhymastic,Nến Và Hoa,WM Vietnam,2,172,208,124128,5
178,spotify:track:5BE96iX1TLgVHFDJPcKpkp,"Obito, Shiki",Sài Gòn ơi,12 trái lê,68,152,5,123642,5
179,spotify:track:05X3a0YGmS1rbH50aL8lGF,"Văn Mai Hương, Hứa Kim Tuyền",Một Ngàn Nỗi Đau,Yin Yang Media,7,198,102,123050,5
180,spotify:track:3529wOVotXNadk5EkWERZQ,"B Ray, Han Sara, Masew",Xin Đừng Nhấc Máy,Great Entertainment,9,189,79,122633,5
181,spotify:track:2nMeu6UenVvwUktBCpLMK9,Lana Del Rey,Young And Beautiful,Polydor Records,181,-1,2,122458,5
182,spotify:track:3Ndroo5HpBKKTRGYReAYHM,TRANG,Chưa Được Yêu Như Thế,Trang Music Productions,61,171,12,122420,5
183,spotify:track:3nAwC1qVqRQYiRCrp6q1dU,Winno,Say Đắm Trong Lần Đầu,MaiDao Music,142,159,42,122206,5
184,spotify:track:5XWlyfo0kZ8LF7VSyfS4Ew,aespa,Drama,SM Entertainment / Warner Records,51,143,9,121945,5
185,spotify:track:5k33vYUYx48HvbehpZhyel,"Dab, Chilythoi",overtired,Dab,126,-1,32,121904,5
186,spotify:track:7fNHfgOxPLcg4mQLhCnOHB,"Rapital, Groovie Lã Thắng, tlinh, RPT MCK",XTC (Xích Thêm Chút) (Remix),M Music Records,87,191,153,121249,5
187,spotify:track:6Z9kpBWGd5PX1OCwTHvnTl,"Rayo, Huỳnh Văn",Cẩm Tú Cầu,RayO,187,-1,1,120401,5
188,spotify:track:79bSb2Ilugozn6VygdplEZ,Andiez,1 Phút,MaiDao Music,21,175,169,120277,5
189,spotify:track:2YkWEClnZUYazZxq6GQ8OT,"Mer, Kriss Ngo",tâm,LOOPS Music,141,200,11,119921,5
190,spotify:track:5qbjUmVV1yOOjcMOInNPYD,"Kai Đinh, MIN, GREY D",để tôi ôm em bằng giai điệu này,Yin Yang Media,18,187,76,119718,5
191,spotify:track:72DoSwhL22gngThjKqzoYr,"VSTRA, TGSN, Tyronee",PHONG,CDSL,29,183,44,119176,5
192,spotify:track:4TMdpMJNQdcawl8JjZEwLk,Lãng,Nụ hôn Bisou,12 trái lê,10,-1,45,118577,5
193,spotify:track:27F22WcGDyl4Z2KylVJkXL,buitruonglinh,Đường Tôi Chở Em Về,Universal Music Indochina Distributed Labels,14,-1,108,117976,5
194,spotify:track:6aaNsCMWPBaUuJE1grH6Po,Sơn Tùng M-TP,Có Chắc Yêu Là Đây,Universal Music Indochina Distributed Labels,1,-1,155,116807,5
195,spotify:track:3z7at2LZwJsg8UvqGw3JAv,"MIN, Mr A",Có Em Chờ,MIN,191,-1,6,116003,5
196,spotify:track:4SqWKzw0CbA05TGszDgMlc,The Walters,I Love You So,Warner Records,122,-1,33,115380,5
197,spotify:track:2LBqCSwhJGcFQeTHMVGwy3,The Weeknd,Die For You,Universal Republic Records,49,-1,74,114336,5
198,spotify:track:62SFLTN7txImu8pQwBMP6A,"Tăng Duy Tân, Hoà Minzy",Bật Tình Yêu Lên,Big Arts Entertainment,4,-1,67,114326,5
199,spotify:track:4PCh6DAkUYKnEmvjV4ouOs,Bích Phương,Nâng Chén Tiêu Sầu,Yin Yang Media,7,195,13,114232,5
200,spotify:track:7J9l9ebYB3IEs5ea5J1M7a,"Da LAB, Tóc Tiên",Nước Mắt Em Lau Bằng Tình Yêu Mới,MUNIZ MUSIC COMPANY LIMITED,114,142,72,113782,5
1,spotify:track:1kPhV0KQui1phEpjnWIqUN,"Jimin, Loco",Smeraldo Garden Marching Band (feat. Loco),BIGHIT MUSIC,1,-1,1,2817972,6
2,spotify:track:2HRgqmZQC0MC7GeNuDIXHN,"Jung Kook, Latto",Seven (feat. Latto) (Explicit Ver.),BIGHIT MUSIC,1,3,51,1726022,6
3,spotify:track:31VNCmwspR7nVJ6kruUuJt,Sơn Tùng M-TP,Đừng Làm Trái Tim Anh Đau,Universal Music Indochina Distributed Labels,1,1,4,1687632,6
4,spotify:track:3Ua0m0YmEjrMi9XErKcNiR,Jimin,Like Crazy,BIGHIT MUSIC,1,7,67,1583399,6
5,spotify:track:2KslE17cAJNHTsI2MI0jb2,Jung Kook,Standing Next to You,BIGHIT MUSIC,1,2,34,1477034,6
6,spotify:track:3Alwi53Ahc2GwHgvel42b2,Lou Hoàng,Ngày Đẹp Trời Để Nói Chia Tay,WM Vietnam,4,4,3,1013264,6
7,spotify:track:2N0SPREDYqILVEFSsWF5N5,V,Love Me Again,BIGHIT MUSIC,2,5,47,822380,6
8,spotify:track:6vvPecFTmWxDfEJ6cYT1wa,LISA,Rockstar,Lloud Co./RCA Records,8,-1,1,821784,6
9,spotify:track:2nRMW95dnOILirpjbksLTs,Jung Kook,Never Let Go,BIGHIT MUSIC,2,6,4,659815,6
10,spotify:track:3k6q0O9JnO2GhvD6C8fs20,Jimin,Closer Than This,BIGHIT MUSIC,3,78,9,557952,6
11,spotify:track:7yfcQynap4xcNqnydaFw83,"SOOBIN, tlinh",Ai Mà Biết Được (feat. tlinh),WDND,11,84,2,516301,6
12,spotify:track:4oGgxjxVOI69h9uOpHOzwn,Wren Evans,Để Ý,Universal Music Indochina Distributed Labels,10,10,3,515495,6
13,spotify:track:3OVMe3H6iAxbLF8iD2UYrw,Sơn Tùng M-TP,Chúng Ta Của Tương Lai,Universal Music Indochina Distributed Labels,1,8,17,501461,6
14,spotify:track:2xOhv7XudrBDtkID1jwsFE,Vũ Cát Tường,Từng Là,Universal Music Indochina Distributed Labels,2,9,18,480982,6
15,spotify:track:0PBTlQ84CBJF0tBnKGmQa6,V,FRI(END)S,BIGHIT MUSIC,1,12,16,479463,6
16,spotify:track:4qYfRfSxsmhJ1WMaywtLyI,"Wren Evans, itsnk",Từng Quen,Universal Music Indochina,1,13,36,436919,6
17,spotify:track:4CUvVaAYuXtvYURLFz7EIL,"Emcee L (Da LAB), Da LAB, Muộii (Starry Night)",Chuyện Đôi Ta (feat. Muộii),Yin Yang Media,3,14,135,411922,6
18,spotify:track:5XfGQZA0ioQAWUjlyJRcHc,"Shiki, Obito",1000 Ánh Mắt,12 trái lê,18,-1,1,410697,6
19,spotify:track:1J3SmWwlYAG68LGKr86MVH,Sơn Tùng M-TP,Chúng Ta Của Hiện Tại,Universal Music Indochina Distributed Labels,1,11,185,401079,6
20,spotify:track:4exlWP8cokkWVCvyP3kg7c,"tlinh, 2pillz",nếu lúc đó,Universal Music Indochina Distributed Labels,1,16,70,390979,6
21,spotify:track:1khMN4Adfi3LrZvxOq4YM5,"VSOUL, RPT MCK, Obito, Ronboogz, Boyzed","Buồn Hay Vui (feat. RPT MCK, Obito, Ronboogz & Boyzed)",12 trái lê,3,17,28,389325,6
22,spotify:track:1bG6Q8sR8jda7ryI365y8o,"Vũ., Dear Jane",Những Lời Hứa Bỏ Quên,WM Vietnam,1,15,29,384865,6
23,spotify:track:4nXrVH5xwN1w6TpmP7uu8n,"HIEUTHUHAI, marzuz",Exit Sign,M Music Records,19,27,38,375904,6
24,spotify:track:5PLjpBivzvuaIIqqkQgnRK,"GREY D, tlinh",vaicaunoicokhiennguoithaydoi,M Music Records,2,22,107,374256,6
25,spotify:track:0SLhB9JLM4Ksz1XdwK3aQD,"Obito, Shiki, VSTRA",Hà Nội,12 trái lê,10,20,39,373298,6
26,spotify:track:7tFwBnuaGXqiiONukPRaCo,Minh Huy,Miên Man,LOOPS Music,11,21,44,362484,6
27,spotify:track:59hBR0BCtJsfIbV9VzCVAp,Jimin,Set Me Free Pt.2,BIGHIT MUSIC,1,127,37,362262,6
28,spotify:track:4fj4Jn4nw8fGX8xdbCntJf,"CoolKid, RHYDER",Sau Cơn Mưa,MaiDao Music,8,19,44,360584,6
29,spotify:track:1K0HQ30Wc11okzlcnFA7Ub,HIEUTHUHAI,Không Thể Say,M Music Records,7,24,63,359688,6
30,spotify:track:5ECHJ1llWBNYLVCYrllD3x,"Da LAB, Phương Ly",Chạy Khỏi Thế Giới Này,LOOPS Music,11,23,105,351674,6
31,spotify:track:4vfhartd7HDWGJbdVIycEu,Sơn Tùng M-TP,Muộn Rồi Mà Sao Còn,Universal Music Indochina Distributed Labels,1,18,167,349575,6
32,spotify:track:6VXVYATpQXEIoZ97NnWCmn,"Madihu, Vũ.",Vì Anh Đâu Có Biết,WM Vietnam,2,25,100,324182,6
33,spotify:track:4jWmhzf53Q0ZvZMuGdiR9x,"WEAN, tlinh",shhhhhhh..,WEAN,9,30,39,319664,6
34,spotify:track:1o6cYDMHvKOfizi4d9Lqxr,W/N,id 072019,Universal Music Indochina Distributed Labels,3,31,49,312356,6
35,spotify:track:3a2Oftcs10wtzw6AmxuTMU,Olew,Rồi Ta Sẽ Ngắm Pháo Hoa Cùng Nhau,LOOPS Music,8,35,76,311174,6
36,spotify:track:7jLSThU5Kg1RWt19Leiaxm,"RPT MCK, Trung Trần",Chìm Sâu,N0L4B3L,1,32,123,301157,6
37,spotify:track:5T6j0rfpCDBzAxC8Fpd0N7,"Low G, Thắng",An Thần,Rap Nhà Làm,2,26,141,298962,6
38,spotify:track:3A9A7mfVDVm3rrS9SMGhg5,Kha,Hư không,MaiDao Music,22,28,25,295729,6
39,spotify:track:5WIKVELHZYJ4vl3x3xlbZD,"DMT, Dangrangto, TeuYungBoy, summerdayy, Rocky CDE",Ổ Quỷ,Smiley Panda,15,33,10,294496,6
40,spotify:track:2uZmeuNAxSm7XfVIwLkhCx,Ronboogz,nhắn nhủ,MaiDao Music,14,29,29,294419,6
41,spotify:track:7CyPwkp0oE8Ro9Dd5CUDjW,"The Weeknd, JENNIE, Lily-Rose Depp","One Of The Girls (with JENNIE, Lily Rose Depp)",XO / Republic Records,11,38,54,294326,6
42,spotify:track:5BTzf3doGTigDIYUFtbkI9,"Emcee L (Da LAB), Da LAB, Badbies",Sinh Ra Đã Là Thứ Đối Lập Nhau (feat. Badbies),Yin Yang Media,5,34,184,286908,6
43,spotify:track:6KgZf5gZgF1KLNxq1qZgHP,Phương Ly,Anh Là Ngoại Lệ Của Em,WM Vietnam,7,36,39,281823,6
44,spotify:track:4tqXSj46umlymdIxqY8zso,SOOBIN,giá như,WDND,13,109,12,271642,6
45,spotify:track:5LQpQ6SDeaz6SIkR0lvsoC,"GREY D, Chillies",đưa em về nhàa,M Music Records,3,37,63,270150,6
46,spotify:track:2qSkIjg1o9h3YT9RAgYN75,Sabrina Carpenter,Espresso,Island Records,13,41,11,268747,6
47,spotify:track:6QqLjFssCtiZWKET97Qv3n,Sơn Tùng M-TP,Nơi Này Có Anh,Universal Music Indochina Distributed Labels,5,39,265,267381,6
48,spotify:track:3ZbZtdEw9U0uZW4tZItIwq,"RHYDER, CoolKid, BAN",Chịu Cách Mình Nói Thua,RHYDER,6,42,32,265843,6
49,spotify:track:76KYaCx7UjHwlnrqzcovLZ,PC,10 Ngàn Năm,12 trái lê,27,40,108,265424,6
50,spotify:track:1xoadYaxtOp9gHDwgmPDuz,"JSOL, Hoàng Duyên",Sài Gòn Hôm Nay Mưa,Universal Music Indochina,3,44,162,256349,6
51,spotify:track:7kgzRBNkBRArtTPkYjWLYT,"14 Casper, Bon Nghiêm",bao tiền một mớ bình yên?,DANDERLÉON,9,48,167,253626,6
52,spotify:track:3DLtPObflLQBodZN8qGODT,"JustaTee, BigDaddy",2AM,WM Vietnam,18,66,114,252589,6
53,spotify:track:0tWqngfOXKN1xOlYK4WwVw,Sơn Tùng M-TP,Âm Thầm Bên Em,Universal Music Indochina Distributed Labels,34,45,193,247293,6
54,spotify:track:01qFKNWq73UfEslI0GvumE,"Jung Kook, Jack Harlow",3D (feat. Jack Harlow),BIGHIT MUSIC,2,53,40,243868,6
55,spotify:track:0kHgteR4TV4LO80wrasDSR,"Karik, GDucky",Bạn Đời,WM Vietnam,5,46,40,243516,6
56,spotify:track:255vSRpVq5YYKBJiem1BVx,Andree Right Hand,Chơi Như Tụi Mỹ,$maker Music,4,49,59,240678,6
57,spotify:track:65aTHDZWUdh6WIafu9MtNF,"HIEUTHUHAI, Negav, Kewtiie",ngủ một mình (tình rất tình),M Music Records,2,68,81,239503,6
58,spotify:track:4NTanSVXBkQ2NmDEbr2vLE,"Kai Đinh, GREY D, Hoàng Thùy Linh",Trái đất ôm Mặt trời,Yin Yang Media,8,55,28,238513,6
59,spotify:track:1J12HjUuXfJnaUdubTEzSR,HIEUTHUHAI,Nghe Như Tình Yêu,M Music Records,46,67,146,236085,6
60,spotify:track:27Z9T0mSWHYWSj9SNOGvyt,"JustaTee, Phương Ly",Thằng Điên,NGUYEN THANH TUAN,2,51,100,235875,6
61,spotify:track:5J3m0taZ0W1E9HTE0MwcSv,Low G,Simp Gái 808,Rap Nhà Làm,9,85,38,234922,6
62,spotify:track:2doGmsaPLdot51o80juiYU,"Obito, Shiki, RPT MCK",Đánh Đổi,12 trái lê,7,50,39,234566,6
63,spotify:track:3YctJXK6kznnWl68TnYobN,RPT MCK,Anh Đã Ổn Hơn,N0L4B3L,3,57,70,232252,6
64,spotify:track:6D94p9ASguBcYlDC0o56vx,HIEUTHUHAI,NOLOVENOLIFE,M Music Records,24,59,38,231417,6
65,spotify:track:3ukrFH17Zl6iEZ2QJ1Zwiy,"RPT Orijinn, Ronboogz",Don't Côi,Rapital,3,62,80,230282,6
66,spotify:track:6xKs4CnVadRzdNZ48vhT27,Đức Phúc,Ngày Đầu Sau Chia Tay,Duc Phuc,56,56,2,227788,6
67,spotify:track:2kauMp3YNHXULGXyJh4321,"Wren Evans, itsnk",Phóng Đổ Tim Em,Universal Music Indochina,9,47,29,227013,6
68,spotify:track:5iZHnufFUgATzrpGgH1K0W,T.R.I,Ánh Sao Và Bầu Trời,Yin Yang Media,1,54,139,225562,6
69,spotify:track:0vkExWiBJSrfWnlMC7x48b,UMIE,Không Yêu Xin Đừng Nói - Piano Version,LOOPS Music,37,63,70,222733,6
70,spotify:track:2JuHIbFudHwDqQssgqsH3i,"Vũ Phụng Tiên, DT Tập Rap, Drum7",Lệ Lưu Ly,Big Arts Entertainment,6,61,41,216410,6
71,spotify:track:5C1O3fpMsiisJpHiB1uuDf,"52Hz, RIO",ĐỢI (Prod. RIO),DAO Entertainment,13,43,26,216162,6
72,spotify:track:2qWP5ZarXRsdmxzz3L3BtP,"SUNI Hạ Linh, Hoàng Dũng, GREY D, Orange, tlinh",có hẹn với thanh xuân,Universal Music Indochina Distributed Labels,27,60,101,216089,6
73,spotify:track:1MiJk3dXC5jzhvLFP0dUM7,Da LAB,Thức Giấc,Yin Yang Media,1,70,156,215587,6
74,spotify:track:6kCU6i8iRrAAmJJ8Sj4JYC,"Shartnuss, Tr.D, Phankeo",Nắng có mang em về,MaiDao Music,44,52,21,215232,6
75,spotify:track:3K7RddI2L8Wiv7uIbrhfLc,"The Masked Singer, Lâm Bảo Ngọc, Hứa Kim Tuyền",Rồi Em Sẽ Gặp Một Chàng Trai Khác,THE MASKED SINGER,11,64,33,215132,6
76,spotify:track:1aKvZDoLGkNMxoRYgkckZG,ILLIT,Magnetic,BELIFT LAB,5,58,15,215121,6
77,spotify:track:3hqOrxH5qPlvrApcb7Ac8c,Ronboogz,Lan Man,MaiDao Music,33,74,64,209156,6
78,spotify:track:1izPmgSW7FV6XFdEOiTvOY,"Changg, Minh Huy",Em Không Hiểu,Universal Music Indochina Distributed Labels,27,65,157,206331,6
79,spotify:track:28bxbqNcAuNxYDZYet6eZ7,"RPT MCK, tlinh",Chỉ Một Đêm Nữa Thôi,N0L4B3L,9,72,70,199849,6
80,spotify:track:0gzpqwLf1jhNjnSJEyweAX,"Kuun Đức Nam, Linh Thộn",Tình cờ yêu em,MaiDao Music,12,69,45,199435,6
81,spotify:track:2o4dDfLK6NVI7TjBm5VoMv,"Lou Hoàng, Miu Lê",Yêu Một Người Có Lẽ,Onlyc Entertainment,33,80,132,198743,6
82,spotify:track:4gaxEUZE4z9pJAVTSFwgQI,"14 Casper, Bon Nghiêm, buitruonglinh",một đời,DANDERLÉON,62,77,14,195138,6
83,spotify:track:6iXGivPFpsqKmrINhIbPvx,Lynk Lee,Buồn Thì Cứ Khóc Đi,Lynk Lee,10,92,236,194330,6
84,spotify:track:02H58MSfVESkKyx4diDgu7,RM,LOST!,BIGHIT MUSIC,1,146,6,192712,6
85,spotify:track:0pQ67Kp2kED4ISy1ieGPEq,"PC, Dick, tofutns",Ghé Qua,12 trái lê,64,79,198,189303,6
86,spotify:track:6jcLKVmEKAQIXIVHJZ8vzS,"MONSTAR, GREY D, NICKY, VƯƠNG BÌNH",tình yêu chậm trễ,Yin Yang Media,46,81,82,185370,6
87,spotify:track:4N99EuIjwSSFFFMDfTeOLU,"buitruonglinh, Vũ Phụng Tiên",Em Không Khóc (feat. Vũ Phụng Tiên),Yin Yang Media,62,82,89,185304,6
88,spotify:track:0X28PqBpbQhWdi4usYw0w5,"Wren Evans, itsnk",Tò Te Tí,Universal Music Indochina,3,87,29,184292,6
89,spotify:track:3NvH1v6NOxlawEoCXjg9sK,"Kai Đinh, MIN, Hoàng Dũng",điều vô tri nhất,Yin Yang Media,89,-1,1,183713,6
90,spotify:track:6IHLOkgZftkcqS3fM0jMCT,"MONO, Onionn.",Em Xinh,M Music Records,10,86,27,180255,6
91,spotify:track:6dOtVTDdiauQNBQEDOtlAB,Billie Eilish,BIRDS OF A FEATHER,Darkroom/Interscope Records,86,103,7,179725,6
92,spotify:track:6Hs2xIgB8nzyGFDvVA8lFa,"Madihu, Low G",Có Em,NGUYEN CHI PHONG,4,93,115,179588,6
93,spotify:track:2a5hng9yXtbjtTVVm9UviC,Vũ Cát Tường,Mơ,Universal Music Indochina Distributed Labels,86,116,97,176956,6
94,spotify:track:01prGWjCTxKBxJc400zwvQ,LISA,Rockstar - Extended,Lloud Co./RCA Records,94,-1,1,176869,6
95,spotify:track:65cM1nyMf9pFDZVV8xmPX9,GREY D,dự báo thời tiết hôm nay mưa,M Music Records,7,91,85,176578,6
96,spotify:track:7LVrrX8pkzI9fMF88nGabt,"Đen, JustaTee",Đi Về Nhà,Đen,3,89,185,176268,6
97,spotify:track:6aaNsCMWPBaUuJE1grH6Po,Sơn Tùng M-TP,Có Chắc Yêu Là Đây,Universal Music Indochina Distributed Labels,1,71,159,175846,6
98,spotify:track:45PPoUgqs3JrhkZGEzSUHT,"W/N, ERIK, Nau","3107 4 (feat. Erik, Nâu)",Universal Music Indochina Distributed Labels,24,94,64,175497,6
99,spotify:track:1EmMFSLRVkOszCa4ul9z0F,"W/N, Duongg, Nau, titie",3107 3,Universal Music Indochina Distributed Labels,1,90,153,175491,6
100,spotify:track:0QzuaeCEEOV40Pn7IvKEny,Dhruv,double take,Little Worry/RCA Records,8,96,165,175251,6
101,spotify:track:3QD2NfLEIvMRbzv2uTu4B7,Myra Trần,Anh Chưa Thương Em Đến Vậy Đâu,Sony Music Entertainment,6,97,78,174637,6
102,spotify:track:5uyNAX6MazVAjBjVeOsTvp,"W/N, Duongg, Nâu",3 1 0 7 (feat. Duongg & Nâu),"HONG AN ENTERTAIMENT,.JSC",11,102,204,172666,6
103,spotify:track:0tGmDUHDoT8pxYhgAT3yNG,"Wren Evans, itsnk",bé ơi từ từ,Universal Music Indochina,8,106,29,171476,6
104,spotify:track:47QP509sXnE54NwhzoMHAi,BABYMONSTER,FOREVER,YG Entertainment,104,-1,1,167708,6
105,spotify:track:7j3XQm7RR8T2EzaYtYK4rc,"W/N, Tezzy, Tien",Crush 2,RioX Records,61,83,106,167119,6
106,spotify:track:25edeHHueINMguqu9emCyV,"Đen, Phương Anh Đào",Lối Nhỏ,Đen,1,117,245,166934,6
107,spotify:track:4qJSUFwZFouto5VZUlln75,"tlinh, Trung Trần",Thích Quá Rùi Nà,Universal Music Indochina Distributed Labels,34,95,198,166918,6
108,spotify:track:5cml547MByVlaVrKU2lJTg,"Andree Right Hand, Wxrdie, Bình Gold, 2pillz",Em iu,$maker Music,18,118,58,166749,6
109,spotify:track:1dUmmBh2nw8XzEI3au0uFs,Thịnh Suy,Chết Trong Em,InQ International,4,114,88,165454,6
110,spotify:track:4sgMbwl9lXGyHcHmtFYGMm,aespa,Supernova,SM Entertainment,15,98,8,165399,6
111,spotify:track:1ZSwYD21wiQCx3VYrnQHMm,"Đen, Friends",FRIENDSHIP,Đen,111,-1,1,165295,6
112,spotify:track:0wwfocY1CfXcKfMcWSoGXc,buitruonglinh,Yêu Người Có Ước Mơ,LOOPS Music,83,126,64,164714,6
113,spotify:track:0s7RyyUlQfd8mnnboHe18n,"MANBO, HIEUTHUHAI, HURRYKNG",Hẹn Gặp Em Dưới Ánh Trăng,Gerdnang,113,167,16,164111,6
114,spotify:track:5nD5PVXUkIpv0WcwfNFrgS,"Orange, Hoàng Dũng",Khi Em Lớn,Orange,4,105,158,163224,6
115,spotify:track:3AejRjgBsFV4HWHjJmmEP7,"GREY D, Orange, Kai Đinh",lời tạm biệt chưa nói,Universal Music Indochina Distributed Labels,22,101,102,162480,6
116,spotify:track:1GJ3suxtUVaguVQRemw6Zp,Andiez,Suýt Nữa Thì...,MaiDao Music,82,107,104,161761,6
117,spotify:track:2vYaldhZyuRk6me6yowg8e,Sơn Tùng M-TP,Buông Đôi Tay Nhau Ra,Universal Music Indochina Distributed Labels,73,100,53,161387,6
118,spotify:track:2nFXaYb2fWOoUJXMPb6y4C,"Obito, Shiki, Lăng LD",Đầu Đường Xó Chợ,12 trái lê,39,99,35,160680,6
119,spotify:track:7kpNUrBDYDoX6QKGzrBD1R,"RPT MCK, Trung Trần",Thôi Em Đừng Đi,N0L4B3L,8,104,70,159257,6
120,spotify:track:6DyotcCWPqKQT8YWireU6L,Low G,Tán Gái 505,Rap Nhà Làm,65,122,59,158071,6
121,spotify:track:4h3K653rm69JYWpO4du2BJ,Andiez,Chờ Đợi Có Đáng Sợ,Yin Yang Media,76,115,107,157511,6
122,spotify:track:54UNNgtE3zzERwTuWSQLqd,"MONSTAR, GREY D, VƯƠNG BÌNH",có hẹn với thanh xuân,Yin Yang Media,5,119,155,157230,6
123,spotify:track:78lw4wahFNotXb0mOEtPkM,WEAN,BADBYE,WEAN,50,158,19,156516,6
124,spotify:track:014DA3BdnmD3kI5pBogH7c,"Chillies, SUNI Hạ Linh, Rhymastic",Cứ Chill Thôi,WM Vietnam,5,88,182,155875,6
125,spotify:track:2ddbldKhKrYvOBbYa87cbj,"Vũ., Hà Anh Tuấn",Dành Hết Xuân Thì Để Chờ Nhau,WM Vietnam,13,121,16,153299,6
126,spotify:track:3uT8QfoX0BE8ZJa4h98LDW,"Puppy, Dangrangto",Wrong Times,MaiDao Music,73,120,35,153207,6
127,spotify:track:1AtFSBJibfaqfiOByQCwZ5,"Lee Young Ji, D.O.",Small girl (feat. D.O.),MAINSTREAM,127,-1,1,150501,6
128,spotify:track:6sIWcLjuMvOcxAfMOx1kbB,"Coldzy, Minsicko, tlinh",FEVER,The First Management,76,76,4,149874,6
129,spotify:track:5N3hjp1WNayUPZrA8kJmJP,Sabrina Carpenter,Please Please Please,Island Records,83,124,4,149777,6
130,spotify:track:68EMU2RD1ECNeOeJ5qAXCV,"Charlie Puth, Selena Gomez",We Don't Talk Anymore (feat. Selena Gomez),Artist Partner,71,132,205,149121,6
131,spotify:track:3b34161QoxLwsqhWSPy9i5,Da LAB,Thanh Xuân,Sony Music Entertainment,1,135,306,148405,6
132,spotify:track:0f4VzzQxojITMkyHY6LCci,"ANH TRAI ""SAY HI"", Anh Tú, JSOL, ERIK, Dương Domic, Phạm Anh Duy","SÓNG VỖ VỠ BỜ (feat. Anh Tú, JSOL, ERIK, Dương Domic & Phạm Anh Duy)",Anh Trai Say Hi,132,-1,1,148223,6
133,spotify:track:4AgFXIVT7hVhBZ5DEOaLu3,Thịnh Suy,tiny love,Yin Yang Media,3,140,135,148197,6
134,spotify:track:0Qs29ApstkrU5T8S5Hxazw,"BigDaddy, Emily",Ngõ Chạm,LOOPS Music,41,153,48,148024,6
135,spotify:track:45Mswno1F7FoZkcmQkp7fi,Wren Evans,Thích Em Hơi Nhiều,Universal Music Indochina,1,112,159,147725,6
136,spotify:track:3ET3xHCLMGd57u06A9RjJ0,Ronboogz,Nói Dối,MaiDao Music,79,108,35,147104,6
137,spotify:track:2UtFCtiSoc30GJ4MUcHDKr,"Obito, Shiki",Tell the kids i love them,12 trái lê,30,137,38,146783,6
138,spotify:track:2PYDUM2IC01FOTDLQdFxJP,"W/N, Duongg, Nau",3 1 0 7 - 2 (feat. DuongG & Nau),GUM GROUP,27,138,175,145948,6
139,spotify:track:7sZgr8RsXkDwkmiQok691a,Thịnh Suy,Mai Mình Xa,InQ International,85,134,12,144642,6
140,spotify:track:2o1pb13quMReXZqE7jWsgq,Ariana Grande,intro (end of the world),Republic Records,13,123,17,143895,6
141,spotify:track:0dBKcPEAsdxWJsqNDNHcPz,"Andree Right Hand, RHYDER, WOKEUP",Dân Chơi Sao Phải Khóc,$maker Music,16,141,26,143467,6
142,spotify:track:51ZQ1vr10ffzbwIjDCwqm4,Ariana Grande,we can't be friends (wait for your love),Republic Records,17,128,17,143225,6
143,spotify:track:18iADruKMXIloyA9vCJXFE,"An Vũ, Sino",Chàng Trai Bất Tử,Yin Yang Media,56,142,22,143007,6
144,spotify:track:7ykRltK3k4QHFGqOdgn8Ew,Đạt G,Thêm Bao Nhiêu Lâu,12 trái lê,141,147,6,142684,6
145,spotify:track:1Qrg8KqiBpW07V7PNxwwwL,SZA,Kill Bill,Top Dawg Entertainment/RCA Records,6,129,74,142653,6
146,spotify:track:5Bti0azlFhMattVY76qFr9,Vũ.,Lạ Lùng,WM Vietnam,17,130,326,142642,6
147,spotify:track:2zRzmGerfTxc2epZHgaTdh,"Ngọt, Đen",Cho Tôi Lang Thang,Ngọt,35,143,214,141865,6
148,spotify:track:6i8MbzVn4nzyjUcSoVcz7B,aespa,Armageddon,SM Entertainment,30,110,6,140581,6
149,spotify:track:1BxfuPKGuaTgP7aM0Bbdwr,Taylor Swift,Cruel Summer,Taylor Swift,5,139,62,140111,6
150,spotify:track:1K3CXUYKhLYN7koLW5WQjX,Thắng,Xin Lỗi,Thắng,5,159,59,139853,6
151,spotify:track:53zusvCJkyGYjEZ6bnLIjh,Hà Anh Tuấn,Tháng Tư Là Lời Nói Dối Của Em,Yin Yang Media,49,148,31,136873,6
152,spotify:track:7paCdW3grnoEi95tjO1OkG,Thịnh Suy,Thắc Mắc?,InQ International,110,125,30,136746,6
153,spotify:track:2nR51wakN5K3AJENqGaNg9,"Đen, MIN",Bài Này Chill Phết,Đen,1,145,266,136529,6
154,spotify:track:5ocSQW5sIUIOFojwXEz9Ki,NewJeans,Supernatural,ADOR,73,73,2,135574,6
155,spotify:track:2n00rcPaXcWfFB9irOKOmh,Ronboogz,Anh Chỉ Muốn,MaiDao Music,77,113,25,134069,6
156,spotify:track:1DkYLzjwHaesQYObT2c3X2,"Karik, Thai VG",Nhật Ký Vào Đời,WM Vietnam,75,75,2,133763,6
157,spotify:track:1R1AFI3iNOYr0pGHwjFQBG,B Ray,Cao Ốc 20,Great Entertainment,128,169,12,133338,6
158,spotify:track:5J90ah0ppUSev1uahqQiN6,"Andiez, AMEE",Anh Đánh Rơi Người Yêu Này,MaiDao Music,19,131,87,133059,6
159,spotify:track:3y6kYOBeVg8jtUiBdTR0pD,"Tùng TeA, PC, TaynguyenSound",Già Cùng Nhau Là Được,12 trái lê,70,176,116,132816,6
160,spotify:track:4XkEva4YsNmPQBLe8V126L,"HIEUTHUHAI, Phương Ly",Xoay Một Vòng,M Music Records,160,-1,1,132585,6
161,spotify:track:6uxuJ8Fr1AAfSPJUF9N1yr,Vũ.,Bước Qua Mùa Cô Đơn,WM Vietnam,1,165,186,131560,6
162,spotify:track:7AD5F85waSb3yZxZxEXhJM,"Tóc Tiên, Touliver",Có Ai Thương Em Như Anh,Yin Yang Media,20,151,109,130633,6
163,spotify:track:71Q8QWLpvwvfQ6zM5BdCnm,"2T, Văn",Liệu Giờ,LOOPS Music,22,164,200,130093,6
164,spotify:track:11hcyWq7qSwBE3bvv5Ialn,buitruonglinh,Dù Cho Mai Về Sau - Acoustic Version,Yin Yang Media,59,149,137,129591,6
165,spotify:track:1fgzQI6AtswiR0JMXulldH,Nguyễn Minh Xuân Ái,Là Từ Lúc,AD Ent,97,160,14,128969,6
166,spotify:track:4S0uLMXRoAjFfIJOW7A8aW,Rhymastic,Nến Và Hoa,WM Vietnam,2,162,212,128767,6
167,spotify:track:1yo967mk7CpjvruNxBecOY,Thắng,Trước Khi Em Tồn Tại,Thắng,22,168,59,128695,6
168,spotify:track:72ictTz6o0dusD2QpCn4bn,"Wxrdie, Andree Right Hand, Machiot",TETVOVEN,M Music Records,39,144,31,128572,6
169,spotify:track:3440g8awr2l0E5Yy2X5Epk,RPT MCK,Tại Vì Sao,N0L4B3L,3,150,93,128416,6
170,spotify:track:4Iz5EWPCAT8jYNk4IpLoll,buitruonglinh,Dù Cho Mai Về Sau,Yin Yang Media,10,163,172,128217,6
171,spotify:track:1njlnn8ZKHI77Pe9szIONR,BABYMONSTER,SHEESH,YG Entertainment,45,188,14,128107,6
172,spotify:track:7h2zqUH4bYyknNUxsYnS5V,"PhucXp, Freak D",Như Anh Đã Thấy Em,MaiDao Music,33,166,80,128041,6
173,spotify:track:5qbjUmVV1yOOjcMOInNPYD,"Kai Đinh, MIN, GREY D",để tôi ôm em bằng giai điệu này,Yin Yang Media,18,173,80,127960,6
174,spotify:track:5AJ9hqTS2wcFQCELCFRO7A,Tommy Richman,MILLION DOLLAR BABY,PULSE Records,84,154,8,127266,6
175,spotify:track:5cn5oHiXJTLiuthgbgfkMh,Vũ Cát Tường,Vết Mưa,Universal Music Indochina Distributed Labels,57,179,34,126329,6
176,spotify:track:7oBUoEbCDF748UkHnLusUB,Thịnh Suy,Chuyện Rằng,Yin Yang Media,5,172,204,126274,6
177,spotify:track:36OyVzUmUFb1MTTzy3YXbh,Phan Mạnh Quỳnh,"Sau Lời Từ Khước (Theme Song From ""MAI"")",Yin Yang Media,3,111,20,125519,6
178,spotify:track:0hiQvlWSSTr7n1kc1X2Lus,"HIEUTHUHAI, Harmonie",Bật Nhạc Lên,GERDNANG,59,-1,191,125199,6
179,spotify:track:1m4BSQjgXAfoR4dBAapAr7,"Masew, B Ray, REDT, Ý Tiên",Lửng Lơ,SKY Music JSC,113,170,82,124826,6
180,spotify:track:7iabz12vAuVQYyekFIWJxD,"Central Cee, Lil Baby",BAND4BAND (feat. Lil Baby),Columbia,178,178,2,124357,6
181,spotify:track:7GDgpad2BQVuDUzaxHFakc,BABYMONSTER,LIKE THAT,YG Entertainment,110,189,10,123983,6
182,spotify:track:567e29TDzLwZwfDuEpGTwo,"The Kid LAROI, Justin Bieber",STAY (with Justin Bieber),Columbia,1,-1,104,123161,6
183,spotify:track:5XWlyfo0kZ8LF7VSyfS4Ew,aespa,Drama,SM Entertainment / Warner Records,51,184,12,122221,6
184,spotify:track:50cmxP6KlnQA9IG3q5ckKD,Chillies,Mascara,WM Vietnam,3,136,180,122218,6
185,spotify:track:3vkCueOmm7xQDoJ17W1Pm3,Mitski,My Love Mine All Mine,Dead Oceans,30,174,39,122209,6
186,spotify:track:2OzhQlSqBEmt7hmkYxfT6m,"Taylor Swift, Post Malone",Fortnight (feat. Post Malone),Taylor Swift,2,171,11,122199,6
187,spotify:track:3BwFxsC7QpRejdE9GXFQI4,"D Blue, Killic",Chỉ Còn Ta Và Ta Giữa Trời,12 trái lê,173,194,9,121952,6
188,spotify:track:3J3nv18iIrOhca1ZWNeuyW,JustaTee,Đã Lỡ Yêu Em Nhiều,NGUYEN THANH TUAN,36,177,82,120612,6
189,spotify:track:5AaHvf9iO6RydAIissh0kz,"Obito, Seachains",Simple Love,12 trái lê,155,155,31,120172,6
190,spotify:track:1Gu3moX7qQp4t2jk6kJ0C6,Đức Phúc,Cũng Đành Thôi,Đức Phúc Official,63,-1,131,119389,6
191,spotify:track:3BlB5wlzdbgCJGkuPcNVIW,The Masked Singer,Khóa Ly Biệt,THE MASKED SINGER,53,191,34,117905,6
192,spotify:track:62SFLTN7txImu8pQwBMP6A,"Tăng Duy Tân, Hoà Minzy",Bật Tình Yêu Lên,Big Arts Entertainment,4,180,70,117614,6
193,spotify:track:56n21o9wtl9IjFVsGe7BG1,Bùi Anh Tuấn,Thuận Theo Ý Trời,Sky Music Jsc,62,-1,88,117234,6
194,spotify:track:2LBqCSwhJGcFQeTHMVGwy3,The Weeknd,Die For You,Universal Republic Records,49,200,77,116732,6
195,spotify:track:0DtarPcErIh4skfFtxzomo,Tama,Ngày Em Đẹp Nhất,Tama,104,195,49,115727,6
196,spotify:track:7fNHfgOxPLcg4mQLhCnOHB,"Rapital, Groovie Lã Thắng, tlinh, RPT MCK",XTC (Xích Thêm Chút) (Remix),M Music Records,87,185,157,114542,6
197,spotify:track:0MJ5wKsPEeihONNfugHGy7,HYBS,Tip Toe,JUICEY,52,190,32,114356,6
198,spotify:track:6Z9kpBWGd5PX1OCwTHvnTl,"Rayo, Huỳnh Văn",Cẩm Tú Cầu,RayO,187,-1,3,114322,6
199,spotify:track:28ncfVOBRp3HGweSZ6Wb8C,"Đen, Linh Cáo",Đưa Nhau Đi Trốn - Chill Version,Đen,81,-1,79,114290,6
200,spotify:track:3yzV19yzE35hZWyJq8orC8,Kiều Chi,Anh Thôi Nhân Nhượng - Cover,ZuongZero Entertainment,200,-1,1,114252,6
1,spotify:track:7tI8dRuH2Yc6RuoTjxo4dU,Jimin,Who,BIGHIT MUSIC,1,1,2,3711456,7
2,spotify:track:2HRgqmZQC0MC7GeNuDIXHN,"Jung Kook, Latto",Seven (feat. Latto) (Explicit Ver.),BIGHIT MUSIC,1,2,55,1765668,7
3,spotify:track:2KslE17cAJNHTsI2MI0jb2,Jung Kook,Standing Next to You,BIGHIT MUSIC,1,3,38,1525412,7
4,spotify:track:31VNCmwspR7nVJ6kruUuJt,Sơn Tùng M-TP,Đừng Làm Trái Tim Anh Đau,Universal Music Indochina Distributed Labels,1,5,8,949740,7
5,spotify:track:2N0SPREDYqILVEFSsWF5N5,V,Love Me Again,BIGHIT MUSIC,2,6,51,750574,7
6,spotify:track:3EQjXzlXY0dyOovq0Awe91,"ANH TRAI ""SAY HI"", RHYDER, Dương Domic, Pháp Kiều","HÀO QUANG (feat. RHYDER, Dương Domic & Pháp Kiều)",Anh Trai Say Hi,6,9,3,637708,7
7,spotify:track:6f7M5UzYYeLFCMIBQhxk2J,Rhymastic,Lặng,Universal Music Indochina Distributed Labels,7,13,4,631748,7
8,spotify:track:4nXrVH5xwN1w6TpmP7uu8n,"HIEUTHUHAI, marzuz",Exit Sign,M Music Records,8,12,42,569702,7
9,spotify:track:4fj4Jn4nw8fGX8xdbCntJf,"CoolKid, RHYDER",Sau Cơn Mưa,MaiDao Music,8,15,48,544143,7
10,spotify:track:1agDCV4zQqaFwJQNsTgmL1,"Jimin, Loco",Smeraldo Garden Marching Band (feat. Loco),BIGHIT MUSIC,1,4,5,533062,7
11,spotify:track:3Alwi53Ahc2GwHgvel42b2,Lou Hoàng,Ngày Đẹp Trời Để Nói Chia Tay,WM Vietnam,4,11,7,520116,7
12,spotify:track:0A0oqleZkyD8FN6aW48Jzn,Khiem,Yên Bình Có Quá Đắt Không,Universal Music Indochina Distributed Labels,12,19,4,420390,7
13,spotify:track:5XfGQZA0ioQAWUjlyJRcHc,"Shiki, Obito",1000 Ánh Mắt,12 trái lê,8,18,5,414459,7
14,spotify:track:0PBTlQ84CBJF0tBnKGmQa6,V,FRI(END)S,BIGHIT MUSIC,1,16,20,413671,7
15,spotify:track:3OVMe3H6iAxbLF8iD2UYrw,Sơn Tùng M-TP,Chúng Ta Của Tương Lai,Universal Music Indochina Distributed Labels,1,20,21,406904,7
16,spotify:track:4CUvVaAYuXtvYURLFz7EIL,"Emcee L (Da LAB), Da LAB, Muộii (Starry Night)",Chuyện Đôi Ta (feat. Muộii),Yin Yang Media,3,25,139,400565,7
17,spotify:track:4qYfRfSxsmhJ1WMaywtLyI,"Wren Evans, itsnk",Từng Quen,Universal Music Indochina,1,26,40,400323,7
18,spotify:track:193luTcDfusSUv3yqs1gGj,"ANH TRAI ""SAY HI"", Quang Hùng MasterD, Negav, Công Dương, NICKY","CATCH ME IF YOU CAN (feat. Quang Hùng MasterD, Negav, Công Dương & Nicky)",Anh Trai Say Hi,11,17,4,395983,7
19,spotify:track:5PLjpBivzvuaIIqqkQgnRK,"GREY D, tlinh",vaicaunoicokhiennguoithaydoi,M Music Records,2,27,111,390862,7
20,spotify:track:1K0HQ30Wc11okzlcnFA7Ub,HIEUTHUHAI,Không Thể Say,M Music Records,7,23,67,389551,7
21,spotify:track:2xOhv7XudrBDtkID1jwsFE,Vũ Cát Tường,Từng Là,Universal Music Indochina Distributed Labels,2,21,22,388548,7
22,spotify:track:5PGh9MyKry8slG5AfvD1eD,"Obito, Shiki, VSTRA",Hà Nội,12 trái lê,10,35,43,371233,7
23,spotify:track:2SmnoPHetB88xJwC6HJHGv,"ANH TRAI ""SAY HI"", HIEUTHUHAI, JSOL, Ali Hoàng Dương, Vũ Thịnh","LOVE SAND (feat. HIEUTHUHAI, JSOL, Ali Hoàng Dương & Vũ Thịnh)",Anh Trai Say Hi,23,29,4,365199,7
24,spotify:track:1oVbTGLd8EgyeWBoqAYBD0,Trung Tu,Vừa Hận Vừa Yêu,Universal Music Indochina Distributed Labels,24,30,3,358968,7
25,spotify:track:7tFwBnuaGXqiiONukPRaCo,Minh Huy,Miên Man,LOOPS Music,11,38,48,357016,7
26,spotify:track:1o6cYDMHvKOfizi4d9Lqxr,W/N,id 072019,Universal Music Indochina Distributed Labels,3,34,53,356337,7
27,spotify:track:1khMN4Adfi3LrZvxOq4YM5,"VSOUL, RPT MCK, Obito, Ronboogz, Boyzed","Buồn Hay Vui (feat. RPT MCK, Obito, Ronboogz & Boyzed)",12 trái lê,3,33,32,352992,7
28,spotify:track:1bG6Q8sR8jda7ryI365y8o,"Vũ., Dear Jane",Những Lời Hứa Bỏ Quên,WM Vietnam,1,31,33,352210,7
29,spotify:track:7yfcQynap4xcNqnydaFw83,"SOOBIN, tlinh",Ai Mà Biết Được (feat. tlinh),WDND,9,24,6,348792,7
30,spotify:track:3a2Oftcs10wtzw6AmxuTMU,Olew,Rồi Ta Sẽ Ngắm Pháo Hoa Cùng Nhau,LOOPS Music,8,36,80,342046,7
31,spotify:track:2uZmeuNAxSm7XfVIwLkhCx,Ronboogz,nhắn nhủ,MaiDao Music,14,43,33,338399,7
32,spotify:track:4gaxEUZE4z9pJAVTSFwgQI,"14 Casper, Bon Nghiêm, buitruonglinh",một đời,DANDERLÉON,32,64,18,336341,7
33,spotify:track:1J3SmWwlYAG68LGKr86MVH,Sơn Tùng M-TP,Chúng Ta Của Hiện Tại,Universal Music Indochina Distributed Labels,1,28,189,332464,7
34,spotify:track:4exlWP8cokkWVCvyP3kg7c,"tlinh, 2pillz",nếu lúc đó,Universal Music Indochina Distributed Labels,1,37,74,331988,7
35,spotify:track:5ECHJ1llWBNYLVCYrllD3x,"Da LAB, Phương Ly",Chạy Khỏi Thế Giới Này,LOOPS Music,11,39,109,320734,7
36,spotify:track:5BTzf3doGTigDIYUFtbkI9,"Emcee L (Da LAB), Da LAB, Badbies",Sinh Ra Đã Là Thứ Đối Lập Nhau (feat. Badbies),Yin Yang Media,5,41,188,318767,7
37,spotify:track:76KYaCx7UjHwlnrqzcovLZ,PC,10 Ngàn Năm,12 trái lê,27,40,112,314289,7
38,spotify:track:3uT8QfoX0BE8ZJa4h98LDW,"Puppy, Dangrangto",Wrong Times,MaiDao Music,38,65,39,313670,7
39,spotify:track:6VXVYATpQXEIoZ97NnWCmn,"Madihu, Vũ.",Vì Anh Đâu Có Biết,WM Vietnam,2,47,104,306210,7
40,spotify:track:4jWmhzf53Q0ZvZMuGdiR9x,"WEAN, tlinh",shhhhhhh..,WEAN,9,46,43,304684,7
41,spotify:track:3DLtPObflLQBodZN8qGODT,"JustaTee, BigDaddy",2AM,WM Vietnam,18,48,118,303559,7
42,spotify:track:5T6j0rfpCDBzAxC8Fpd0N7,"Low G, Thắng",An Thần,Rap Nhà Làm,2,45,145,303269,7
43,spotify:track:6vvPecFTmWxDfEJ6cYT1wa,LISA,Rockstar,Lloud Co./RCA Records,8,32,5,302362,7
44,spotify:track:3LWVXp636uLT356Rj08Jaz,Jimin,Be Mine,BIGHIT MUSIC,7,7,2,299179,7
45,spotify:track:5J3m0taZ0W1E9HTE0MwcSv,Low G,Simp Gái 808,Rap Nhà Làm,9,56,42,296946,7
46,spotify:track:3ZbZtdEw9U0uZW4tZItIwq,"RHYDER, CoolKid, BAN",Chịu Cách Mình Nói Thua,RHYDER,6,53,36,294219,7
47,spotify:track:4vfhartd7HDWGJbdVIycEu,Sơn Tùng M-TP,Muộn Rồi Mà Sao Còn,Universal Music Indochina Distributed Labels,1,42,171,292780,7
48,spotify:track:7jLSThU5Kg1RWt19Leiaxm,"RPT MCK, Trung Trần",Chìm Sâu,N0L4B3L,1,52,127,292199,7
49,spotify:track:5WIKVELHZYJ4vl3x3xlbZD,"DMT, Dangrangto, TeuYungBoy, summerdayy, Rocky CDE",Ổ Quỷ,Smiley Panda,15,44,14,291228,7
50,spotify:track:6D94p9ASguBcYlDC0o56vx,HIEUTHUHAI,NOLOVENOLIFE,M Music Records,24,49,42,290394,7
51,spotify:track:3A9A7mfVDVm3rrS9SMGhg5,Kha,Hư không,MaiDao Music,22,50,29,283627,7
52,spotify:track:3d2bsbugow8JiNvuaRupFH,"Jimin, Sofia Carson",Slow Dance (feat. Sofia Carson),BIGHIT MUSIC,8,8,2,280709,7
53,spotify:track:4oGgxjxVOI69h9uOpHOzwn,Wren Evans,Để Ý,Universal Music Indochina Distributed Labels,10,51,7,274752,7
54,spotify:track:0s7RyyUlQfd8mnnboHe18n,"MANBO, HIEUTHUHAI, HURRYKNG",Hẹn Gặp Em Dưới Ánh Trăng,Gerdnang,54,54,20,272536,7
55,spotify:track:2a5hng9yXtbjtTVVm9UviC,Vũ Cát Tường,Mơ,Universal Music Indochina Distributed Labels,55,74,101,272168,7
56,spotify:track:7CyPwkp0oE8Ro9Dd5CUDjW,"The Weeknd, JENNIE, Lily-Rose Depp","One Of The Girls (with JENNIE, Lily Rose Depp)",XO / Republic Records,11,63,58,272091,7
57,spotify:track:6qafqn8bBMy7t5c5WqpyRk,Jimin,Closer Than This,BIGHIT MUSIC,3,10,13,266864,7
58,spotify:track:7kgzRBNkBRArtTPkYjWLYT,"14 Casper, Bon Nghiêm",bao tiền một mớ bình yên?,DANDERLÉON,9,67,171,265286,7
59,spotify:track:3ukrFH17Zl6iEZ2QJ1Zwiy,"RPT Orijinn, Ronboogz",Don't Côi,Rapital,3,80,84,258190,7
60,spotify:track:6s9xQXSKc8tYMe1ZH5aiYs,"ANH TRAI ""SAY HI"", Quân A.P, HURRYKNG, Hùng Huỳnh","ĐẦU ĐỘI SỪNG (feat. Quân A.P, HURRYKNG & Hùng Huỳnh)",Anh Trai Say Hi,60,61,3,256458,7
61,spotify:track:4tqXSj46umlymdIxqY8zso,SOOBIN,giá như,WDND,13,60,16,251754,7
62,spotify:track:1xoadYaxtOp9gHDwgmPDuz,"JSOL, Hoàng Duyên",Sài Gòn Hôm Nay Mưa,Universal Music Indochina,3,57,166,246032,7
63,spotify:track:1J12HjUuXfJnaUdubTEzSR,HIEUTHUHAI,Nghe Như Tình Yêu,M Music Records,46,62,150,245159,7
64,spotify:track:65aTHDZWUdh6WIafu9MtNF,"HIEUTHUHAI, Negav, Kewtiie",ngủ một mình (tình rất tình),M Music Records,2,59,85,244885,7
65,spotify:track:27Z9T0mSWHYWSj9SNOGvyt,"JustaTee, Phương Ly",Thằng Điên,NGUYEN THANH TUAN,2,70,104,244271,7
66,spotify:track:5iZHnufFUgATzrpGgH1K0W,T.R.I,Ánh Sao Và Bầu Trời,Yin Yang Media,1,73,143,241140,7
67,spotify:track:0tWqngfOXKN1xOlYK4WwVw,Sơn Tùng M-TP,Âm Thầm Bên Em,Universal Music Indochina Distributed Labels,34,68,197,239166,7
68,spotify:track:0pQ67Kp2kED4ISy1ieGPEq,"PC, Dick, tofutns",Ghé Qua,12 trái lê,64,86,202,236919,7
69,spotify:track:0vkExWiBJSrfWnlMC7x48b,UMIE,Không Yêu Xin Đừng Nói - Piano Version,LOOPS Music,37,77,74,233231,7
70,spotify:track:5C1O3fpMsiisJpHiB1uuDf,"52Hz, RIO",ĐỢI (Prod. RIO),DAO Entertainment,13,78,30,232128,7
71,spotify:track:3YctJXK6kznnWl68TnYobN,RPT MCK,Anh Đã Ổn Hơn,N0L4B3L,3,75,74,231883,7
72,spotify:track:1UQNU5O9VttUgO16pxUnjw,"Obito, Shiki, RPT MCK",Đánh Đổi,12 trái lê,7,76,43,231432,7
73,spotify:track:6KgZf5gZgF1KLNxq1qZgHP,Phương Ly,Anh Là Ngoại Lệ Của Em,WM Vietnam,7,72,43,227594,7
74,spotify:track:0fGJiHH6xSUJU1MAVjxq5m,"Karik, GDucky",Bạn Đời,WM Vietnam,5,79,44,226394,7
75,spotify:track:3QD2NfLEIvMRbzv2uTu4B7,Myra Trần,Anh Chưa Thương Em Đến Vậy Đâu,Sony Music Entertainment,6,91,82,223500,7
76,spotify:track:5LQpQ6SDeaz6SIkR0lvsoC,"GREY D, Chillies",đưa em về nhàa,M Music Records,3,66,67,220339,7
77,spotify:track:0gzpqwLf1jhNjnSJEyweAX,"Kuun Đức Nam, Linh Thộn",Tình cờ yêu em,MaiDao Music,12,83,49,219760,7
78,spotify:track:6kCU6i8iRrAAmJJ8Sj4JYC,"Shartnuss, Tr.D, Phankeo",Nắng có mang em về,MaiDao Music,44,71,25,217716,7
79,spotify:track:255vSRpVq5YYKBJiem1BVx,Andree Right Hand,Chơi Như Tụi Mỹ,$maker Music,4,84,63,217479,7
80,spotify:track:6QqLjFssCtiZWKET97Qv3n,Sơn Tùng M-TP,Nơi Này Có Anh,Universal Music Indochina Distributed Labels,5,69,269,215464,7
81,spotify:track:3K7RddI2L8Wiv7uIbrhfLc,"The Masked Singer, Lâm Bảo Ngọc, Hứa Kim Tuyền",Rồi Em Sẽ Gặp Một Chàng Trai Khác,THE MASKED SINGER,11,81,37,215062,7
82,spotify:track:1MiJk3dXC5jzhvLFP0dUM7,Da LAB,Thức Giấc,Yin Yang Media,1,90,160,211471,7
83,spotify:track:4NTanSVXBkQ2NmDEbr2vLE,"Kai Đinh, GREY D, Hoàng Thùy Linh",Trái đất ôm Mặt trời,Yin Yang Media,8,82,32,210868,7
84,spotify:track:6jcLKVmEKAQIXIVHJZ8vzS,"MONSTAR, GREY D, NICKY, VƯƠNG BÌNH",tình yêu chậm trễ,Yin Yang Media,46,94,86,209426,7
85,spotify:track:3Ua0m0YmEjrMi9XErKcNiR,Jimin,Like Crazy,BIGHIT MUSIC,1,22,71,208563,7
86,spotify:track:2kauMp3YNHXULGXyJh4321,"Wren Evans, itsnk",Phóng Đổ Tim Em,Universal Music Indochina,9,92,33,208375,7
87,spotify:track:0QzuaeCEEOV40Pn7IvKEny,Dhruv,double take,Little Worry/RCA Records,8,93,169,205801,7
88,spotify:track:2qSkIjg1o9h3YT9RAgYN75,Sabrina Carpenter,Espresso,Island Records,13,89,15,205584,7
89,spotify:track:6dOtVTDdiauQNBQEDOtlAB,Billie Eilish,BIRDS OF A FEATHER,Darkroom/Interscope Records,75,96,11,201918,7
90,spotify:track:6xKs4CnVadRzdNZ48vhT27,Đức Phúc,Ngày Đầu Sau Chia Tay,Duc Phuc,54,87,6,201537,7
91,spotify:track:2nRMW95dnOILirpjbksLTs,Jung Kook,Never Let Go,BIGHIT MUSIC,2,58,8,200177,7
92,spotify:track:28bxbqNcAuNxYDZYet6eZ7,"RPT MCK, tlinh",Chỉ Một Đêm Nữa Thôi,N0L4B3L,9,104,74,200033,7
93,spotify:track:1GJ3suxtUVaguVQRemw6Zp,Andiez,Suýt Nữa Thì...,MaiDao Music,82,99,108,197971,7
94,spotify:track:3hqOrxH5qPlvrApcb7Ac8c,Ronboogz,Lan Man,MaiDao Music,33,101,68,197272,7
95,spotify:track:1EmMFSLRVkOszCa4ul9z0F,"W/N, Duongg, Nau, titie",3107 3,Universal Music Indochina Distributed Labels,1,97,157,196579,7
96,spotify:track:2JuHIbFudHwDqQssgqsH3i,"Vũ Phụng Tiên, DT Tập Rap, Drum7",Lệ Lưu Ly,Big Arts Entertainment,6,95,45,195146,7
97,spotify:track:5uyNAX6MazVAjBjVeOsTvp,"W/N, Duongg, Nâu",3 1 0 7 (feat. Duongg & Nâu),"HONG AN ENTERTAIMENT,.JSC",11,103,208,194712,7
98,spotify:track:2n00rcPaXcWfFB9irOKOmh,Ronboogz,Anh Chỉ Muốn,MaiDao Music,77,114,29,190644,7
99,spotify:track:2qWP5ZarXRsdmxzz3L3BtP,"SUNI Hạ Linh, Hoàng Dũng, GREY D, Orange, tlinh",có hẹn với thanh xuân,Universal Music Indochina Distributed Labels,27,85,105,189617,7
100,spotify:track:4N99EuIjwSSFFFMDfTeOLU,"buitruonglinh, Vũ Phụng Tiên",Em Không Khóc (feat. Vũ Phụng Tiên),Yin Yang Media,62,98,93,186901,7
101,spotify:track:3b34161QoxLwsqhWSPy9i5,Da LAB,Thanh Xuân,Sony Music Entertainment,1,108,310,184393,7
102,spotify:track:6Hs2xIgB8nzyGFDvVA8lFa,"Madihu, Low G",Có Em,NGUYEN CHI PHONG,4,107,119,183091,7
103,spotify:track:1izPmgSW7FV6XFdEOiTvOY,"Changg, Minh Huy",Em Không Hiểu,Universal Music Indochina Distributed Labels,27,100,161,181985,7
104,spotify:track:45PPoUgqs3JrhkZGEzSUHT,"W/N, ERIK, Nau","3107 4 (feat. Erik, Nâu)",Universal Music Indochina Distributed Labels,24,116,68,180482,7
105,spotify:track:4h3K653rm69JYWpO4du2BJ,Andiez,Chờ Đợi Có Đáng Sợ,Yin Yang Media,76,112,111,179295,7
106,spotify:track:1aKvZDoLGkNMxoRYgkckZG,ILLIT,Magnetic,BELIFT LAB,5,102,19,179032,7
107,spotify:track:3NvH1v6NOxlawEoCXjg9sK,"Kai Đinh, MIN, Hoàng Dũng",điều vô tri nhất,Yin Yang Media,81,88,5,178932,7
108,spotify:track:0wwfocY1CfXcKfMcWSoGXc,buitruonglinh,Yêu Người Có Ước Mơ,LOOPS Music,83,117,68,177906,7
109,spotify:track:3ET3xHCLMGd57u06A9RjJ0,Ronboogz,Nói Dối,MaiDao Music,79,110,39,176377,7
110,spotify:track:65cM1nyMf9pFDZVV8xmPX9,GREY D,dự báo thời tiết hôm nay mưa,M Music Records,7,105,89,176361,7
111,spotify:track:5J90ah0ppUSev1uahqQiN6,"Andiez, AMEE",Anh Đánh Rơi Người Yêu Này,MaiDao Music,19,123,91,175035,7
112,spotify:track:01qFKNWq73UfEslI0GvumE,"Jung Kook, Jack Harlow",3D (feat. Jack Harlow),BIGHIT MUSIC,2,115,44,174757,7
113,spotify:track:1dUmmBh2nw8XzEI3au0uFs,Thịnh Suy,Chết Trong Em,InQ International,4,121,92,173497,7
114,spotify:track:7j3XQm7RR8T2EzaYtYK4rc,"W/N, Tezzy, Tien",Crush 2,RioX Records,61,113,110,173179,7
115,spotify:track:1K3CXUYKhLYN7koLW5WQjX,Thắng,Xin Lỗi,Thắng,5,142,63,172359,7
116,spotify:track:6DyotcCWPqKQT8YWireU6L,Low G,Tán Gái 505,Rap Nhà Làm,65,135,63,172212,7
117,spotify:track:2o4dDfLK6NVI7TjBm5VoMv,"Lou Hoàng, Miu Lê",Yêu Một Người Có Lẽ,Onlyc Entertainment,33,118,136,171224,7
118,spotify:track:4qJSUFwZFouto5VZUlln75,"tlinh, Trung Trần",Thích Quá Rùi Nà,Universal Music Indochina Distributed Labels,34,129,202,170149,7
119,spotify:track:7LVrrX8pkzI9fMF88nGabt,"Đen, JustaTee",Đi Về Nhà,Đen,3,111,189,169779,7
120,spotify:track:25edeHHueINMguqu9emCyV,"Đen, Phương Anh Đào",Lối Nhỏ,Đen,1,120,249,169411,7
121,spotify:track:2PYDUM2IC01FOTDLQdFxJP,"W/N, Duongg, Nau",3 1 0 7 - 2 (feat. DuongG & Nau),GUM GROUP,27,128,179,167707,7
122,spotify:track:4AgFXIVT7hVhBZ5DEOaLu3,Thịnh Suy,tiny love,Yin Yang Media,3,132,139,164950,7
123,spotify:track:5nD5PVXUkIpv0WcwfNFrgS,"Orange, Hoàng Dũng",Khi Em Lớn,Orange,4,109,162,164689,7
124,spotify:track:68EMU2RD1ECNeOeJ5qAXCV,"Charlie Puth, Selena Gomez",We Don't Talk Anymore (feat. Selena Gomez),Artist Partner,71,126,209,164257,7
125,spotify:track:2Asy51yFMEG8Qjh15kvQeD,"Obito, Shiki",Tell the kids i love them,12 trái lê,30,147,42,162671,7
126,spotify:track:5cml547MByVlaVrKU2lJTg,"Andree Right Hand, Wxrdie, Bình Gold, 2pillz",Em iu,$maker Music,18,138,62,158878,7
127,spotify:track:6iXGivPFpsqKmrINhIbPvx,Lynk Lee,Buồn Thì Cứ Khóc Đi,Lynk Lee,10,127,240,158589,7
128,spotify:track:78lw4wahFNotXb0mOEtPkM,WEAN,BADBYE,WEAN,50,124,23,158257,7
129,spotify:track:2vYaldhZyuRk6me6yowg8e,Sơn Tùng M-TP,Buông Đôi Tay Nhau Ra,Universal Music Indochina Distributed Labels,73,131,57,157605,7
130,spotify:track:3AejRjgBsFV4HWHjJmmEP7,"GREY D, Orange, Kai Đinh",lời tạm biệt chưa nói,Universal Music Indochina Distributed Labels,22,106,106,156512,7
131,spotify:track:5Bti0azlFhMattVY76qFr9,Vũ.,Lạ Lùng,WM Vietnam,17,130,330,156011,7
132,spotify:track:3y6kYOBeVg8jtUiBdTR0pD,"Tùng TeA, PC, TaynguyenSound",Già Cùng Nhau Là Được,12 trái lê,70,165,120,151789,7
133,spotify:track:5tdz7T4hTxA1ipJMBe24uX,AMEE,"ex's hate me, Pt.2",Yin Yang Media,13,153,93,151527,7
134,spotify:track:7h2zqUH4bYyknNUxsYnS5V,"PhucXp, Freak D",Như Anh Đã Thấy Em,MaiDao Music,33,154,84,151214,7
135,spotify:track:18iADruKMXIloyA9vCJXFE,"An Vũ, Sino",Chàng Trai Bất Tử,Yin Yang Media,56,141,26,150806,7
136,spotify:track:1R1AFI3iNOYr0pGHwjFQBG,B Ray,Cao Ốc 20,Great Entertainment,128,144,16,148750,7
137,spotify:track:54UNNgtE3zzERwTuWSQLqd,"MONSTAR, GREY D, VƯƠNG BÌNH",có hẹn với thanh xuân,Yin Yang Media,5,134,159,148358,7
138,spotify:track:2WOpp4vm16unl0N3i3BNNv,"NÂN, Ngơ",Tình Đắng Như Ly Cà Phê,nân,15,151,236,148257,7
139,spotify:track:0X28PqBpbQhWdi4usYw0w5,"Wren Evans, itsnk",Tò Te Tí,Universal Music Indochina,3,125,33,147176,7
140,spotify:track:0hiQvlWSSTr7n1kc1X2Lus,"HIEUTHUHAI, Harmonie",Bật Nhạc Lên,GERDNANG,59,133,195,147001,7
141,spotify:track:7sZgr8RsXkDwkmiQok691a,Thịnh Suy,Mai Mình Xa,InQ International,85,159,16,146689,7
142,spotify:track:3J3nv18iIrOhca1ZWNeuyW,JustaTee,Đã Lỡ Yêu Em Nhiều,NGUYEN THANH TUAN,36,163,86,146343,7
143,spotify:track:2o1pb13quMReXZqE7jWsgq,Ariana Grande,intro (end of the world),Republic Records,13,168,21,145695,7
144,spotify:track:5pUFGyGOKRkR1gaCzCYlJD,"Dangrangto, DONAL",GOODBYE ROCKY,Higher Dimension,119,119,2,145623,7
145,spotify:track:7paCdW3grnoEi95tjO1OkG,Thịnh Suy,Thắc Mắc?,InQ International,110,139,34,145458,7
146,spotify:track:4S0uLMXRoAjFfIJOW7A8aW,Rhymastic,Nến Và Hoa,WM Vietnam,2,172,216,145144,7
147,spotify:track:3vkCueOmm7xQDoJ17W1Pm3,Mitski,My Love Mine All Mine,Dead Oceans,30,161,43,144471,7
148,spotify:track:6uxuJ8Fr1AAfSPJUF9N1yr,Vũ.,Bước Qua Mùa Cô Đơn,WM Vietnam,1,166,190,143546,7
149,spotify:track:47QP509sXnE54NwhzoMHAi,BABYMONSTER,FOREVER,YG Entertainment,54,122,5,143491,7
150,spotify:track:5BJqg07SKgmFnVLOBmLFvq,Bùi Anh Tuấn,"Hẹn Một Mai - From"" 4 Năm 2 Chàng 1 Tình Yêu""",Vietnam Music Award,109,169,15,142749,7
151,spotify:track:1Qrg8KqiBpW07V7PNxwwwL,SZA,Kill Bill,Top Dawg Entertainment/RCA Records,6,167,78,141824,7
152,spotify:track:1BxfuPKGuaTgP7aM0Bbdwr,Taylor Swift,Cruel Summer,Taylor Swift,5,164,66,140381,7
153,spotify:track:79bSb2Ilugozn6VygdplEZ,Andiez,1 Phút,MaiDao Music,21,-1,171,138553,7
154,spotify:track:7gMfVc4zfNIxuMyMGglOHa,Jimin,Rebirth (Intro),BIGHIT MUSIC,14,14,2,138411,7
155,spotify:track:0dBKcPEAsdxWJsqNDNHcPz,"Andree Right Hand, RHYDER, WOKEUP",Dân Chơi Sao Phải Khóc,$maker Music,16,145,30,138308,7
156,spotify:track:6IHLOkgZftkcqS3fM0jMCT,"MONO, Onionn.",Em Xinh,M Music Records,10,137,31,136795,7
157,spotify:track:3nAwC1qVqRQYiRCrp6q1dU,Winno,Say Đắm Trong Lần Đầu,MaiDao Music,142,197,48,136638,7
158,spotify:track:6aaNsCMWPBaUuJE1grH6Po,Sơn Tùng M-TP,Có Chắc Yêu Là Đây,Universal Music Indochina Distributed Labels,1,148,163,135764,7
159,spotify:track:69CA72t8PPWgEFExXhuqII,"Cường Seven, SOOBIN, Tự Long",Trống Cơm,Universal Music Indochina Distributed Labels,159,-1,1,135684,7
160,spotify:track:0o3rCh03ubOUAEI972qpU5,"ANH TRAI ""SAY HI"", Song Luân, Anh Tú Atus, Captain, Quang Trung","YOU (feat. Song Luân, Anh Tú Atus, Captain & Quang Trung)",Anh Trai Say Hi,146,146,2,135553,7
161,spotify:track:3XEspwit4d8gwKKgeopfCv,"Sean, Lửa",Em Thích,MaiDao Music,65,189,79,135012,7
162,spotify:track:51ZQ1vr10ffzbwIjDCwqm4,Ariana Grande,we can't be friends (wait for your love),Republic Records,17,160,21,134714,7
163,spotify:track:0eM8iGaE97UCf9yYbDiMA4,"ANH TRAI ""SAY HI"", Lou Hoàng, Pháp Kiều, WEAN, Quân A.P, Hải Đăng Doo, Ali Hoàng Dương, NICKY","HÚT (feat. Lou Hoàng, Pháp Kiều, WEAN, Quân A.P, Hải Đăng Doo, Ali Hoàng Dương & Nicky)",Anh Trai Say Hi,117,136,4,134658,7
164,spotify:track:7oBUoEbCDF748UkHnLusUB,Thịnh Suy,Chuyện Rằng,Yin Yang Media,5,193,208,133791,7
165,spotify:track:29VSQCxul5FNmpi4gVR7Qn,"ANH TRAI ""SAY HI"", Đức Phúc, ERIK, Phạm Anh Duy, Tage","THI SĨ (feat. Đức Phúc, ERIK, Phạm Anh Duy & Tage)",Anh Trai Say Hi,137,171,3,132164,7
166,spotify:track:45Mswno1F7FoZkcmQkp7fi,Wren Evans,Thích Em Hơi Nhiều,Universal Music Indochina,1,183,163,131836,7
167,spotify:track:2nR51wakN5K3AJENqGaNg9,"Đen, MIN",Bài Này Chill Phết,Đen,1,155,270,131699,7
168,spotify:track:7kpNUrBDYDoX6QKGzrBD1R,"RPT MCK, Trung Trần",Thôi Em Đừng Đi,N0L4B3L,8,157,74,131679,7
169,spotify:track:2zRzmGerfTxc2epZHgaTdh,"Ngọt, Đen",Cho Tôi Lang Thang,Ngọt,35,143,218,131228,7
170,spotify:track:4Iz5EWPCAT8jYNk4IpLoll,buitruonglinh,Dù Cho Mai Về Sau,Yin Yang Media,10,177,176,131150,7
171,spotify:track:0Qs29ApstkrU5T8S5Hxazw,"BigDaddy, Emily",Ngõ Chạm,LOOPS Music,41,191,52,130908,7
172,spotify:track:2DzFmWhrnRHROJuxW5e1t2,"KayC, tlinh","Bao Nhiêu Loài Hoa Remix (feat. tlinh, Machiot)",MaiDao Music,125,140,4,130482,7
173,spotify:track:2ddbldKhKrYvOBbYa87cbj,"Vũ., Hà Anh Tuấn",Dành Hết Xuân Thì Để Chờ Nhau,WM Vietnam,13,158,20,130297,7
174,spotify:track:4XkEva4YsNmPQBLe8V126L,"HIEUTHUHAI, Phương Ly",Xoay Một Vòng,M Music Records,152,184,5,130217,7
175,spotify:track:7MXVkk9YMctZqd1Srtv4MB,"The Weeknd, Daft Punk",Starboy,Universal Republic Records,140,175,14,130027,7
176,spotify:track:3440g8awr2l0E5Yy2X5Epk,RPT MCK,Tại Vì Sao,N0L4B3L,3,182,97,129361,7
177,spotify:track:1Vla7vXcM0zimotYpresDT,tlinh,tình yêu có nghĩa là gì?,Universal Music Indochina Distributed Labels,7,200,44,129098,7
178,spotify:track:7td8DTWoGC9u9db37mGHX6,"Đen, PiaLinh",Nấu ăn cho em,Đen,8,149,54,128380,7
179,spotify:track:53zusvCJkyGYjEZ6bnLIjh,Hà Anh Tuấn,Tháng Tư Là Lời Nói Dối Của Em,Yin Yang Media,49,170,35,128308,7
180,spotify:track:71Q8QWLpvwvfQ6zM5BdCnm,"2T, Văn",Liệu Giờ,LOOPS Music,22,180,204,127770,7
181,spotify:track:4jWxeq0IpdNhEaBzkNNwTf,Kevindauroi,Đừng Xa Anh Nhé (feat. Harvey),MaiDao Music,137,152,4,127530,7
182,spotify:track:5cn5oHiXJTLiuthgbgfkMh,Vũ Cát Tường,Vết Mưa,Universal Music Indochina Distributed Labels,57,178,38,127484,7
183,spotify:track:1Gu3moX7qQp4t2jk6kJ0C6,Đức Phúc,Cũng Đành Thôi,Đức Phúc Official,63,187,133,127247,7
184,spotify:track:3TBZ2VchMRulZU8SbJx0Sc,"Rocky CDE, Dangrangto, VCC Left Hand",Việc Nên Làm,MaiDao Music,184,-1,1,126268,7
185,spotify:track:5U30iZBlmxkpHqzb1OSnBS,Rhymastic,Yêu 5,WM Vietnam,77,-1,169,126086,7
186,spotify:track:6sIWcLjuMvOcxAfMOx1kbB,"Coldzy, Minsicko, tlinh",FEVER,The First Management,76,196,8,126054,7
187,spotify:track:1kmKeANKIVzsfKtMZ4Ei6Z,"MYLINA, fueled by boba",Giấc Mơ Của Em - Suy Version,LOOPS Music,174,176,3,124908,7
188,spotify:track:5qbjUmVV1yOOjcMOInNPYD,"Kai Đinh, MIN, GREY D",để tôi ôm em bằng giai điệu này,Yin Yang Media,18,174,84,124287,7
189,spotify:track:2ctmaWoBxLBYiZB7AKmK1D,Low G,Bảo Tàng,Nhà Hóa Học Đống Đa,33,-1,15,124200,7
190,spotify:track:72ictTz6o0dusD2QpCn4bn,"Wxrdie, Andree Right Hand, Machiot",TETVOVEN,M Music Records,39,181,35,123652,7
191,spotify:track:2LBqCSwhJGcFQeTHMVGwy3,The Weeknd,Die For You,Universal Republic Records,49,-1,78,123504,7
192,spotify:track:43zzuEWDotRcKlSFzrlJqs,Đạt G,Thêm Bao Nhiêu Lâu,12 trái lê,106,179,10,123491,7
193,spotify:track:1fgzQI6AtswiR0JMXulldH,Nguyễn Minh Xuân Ái,Là Từ Lúc,AD Ent,97,-1,17,122787,7
194,spotify:track:7AD5F85waSb3yZxZxEXhJM,"Tóc Tiên, Touliver",Có Ai Thương Em Như Anh,Yin Yang Media,20,186,113,121199,7
195,spotify:track:11hcyWq7qSwBE3bvv5Ialn,buitruonglinh,Dù Cho Mai Về Sau - Acoustic Version,Yin Yang Media,59,-1,140,120811,7
196,spotify:track:2cJyuhqcXvd6ccvAn8NXsL,tlinh,thế giới thần tiên,Universal Music Indochina Distributed Labels,62,195,40,119907,7
197,spotify:track:39KWnPNEvbXt423CzjvBfA,SOOBIN,Anh Đã Quen Với Cô Đơn,WM Vietnam,180,190,9,119836,7
198,spotify:track:4LAdZsiks8vsw3e1iZQgVY,"HIEUTHUHAI, B Ray, Tage",Không Phải Gu,M Music Records,51,185,24,119420,7
199,spotify:track:7fNHfgOxPLcg4mQLhCnOHB,"Rapital, Groovie Lã Thắng, tlinh, RPT MCK",XTC (Xích Thêm Chút) (Remix),M Music Records,87,199,161,119336,7
200,spotify:track:72DoSwhL22gngThjKqzoYr,"VSTRA, TGSN, Tyronee",PHONG,CDSL,29,-1,45,119321,7
1,spotify:track:7tI8dRuH2Yc6RuoTjxo4dU,Jimin,Who,BIGHIT MUSIC,1,1,7,2403508,8
2,spotify:track:2HRgqmZQC0MC7GeNuDIXHN,"Jung Kook, Latto",Seven (feat. Latto) (Explicit Ver.),BIGHIT MUSIC,1,2,60,2110303,8
3,spotify:track:2KslE17cAJNHTsI2MI0jb2,Jung Kook,Standing Next to You,BIGHIT MUSIC,1,3,43,1518605,8
4,spotify:track:2plbrEY59IikOBgBGLjaoe,"Lady Gaga, Bruno Mars",Die With A Smile,Interscope,4,5,3,1106977,8
5,spotify:track:2GE2p2dFpxp7OIz2QOFBzW,"ANH TRAI ""SAY HI"", HURRYKNG, HIEUTHUHAI, Negav, Pháp Kiều, Isaac","KIM PHÚT, KIM GIỜ (feat. HURRYKNG, HIEUTHUHAI, Negav, Pháp Kiều & Isaac)",Anh Trai Say Hi,5,19,2,888951,8
6,spotify:track:5oFEvbM7lGnx8jfAkuhVyo,"AMEE, RPT MCK",MỘNG YU,Yin Yang Media,3,4,5,873461,8
7,spotify:track:3JIfmjJbanxJkwaPzYa2gN,"ANH TRAI ""SAY HI"", Quân A.P, Pháp Kiều, Quang Trung, Ali Hoàng Dương, Lâm Bảo Ngọc","REGRET (feat. Quân A.P, Pháp Kiều, Quang Trung, Ali Hoàng Dương & Lâm Bảo Ngọc)",Anh Trai Say Hi,5,6,5,710837,8
8,spotify:track:31VNCmwspR7nVJ6kruUuJt,Sơn Tùng M-TP,Đừng Làm Trái Tim Anh Đau,Universal Music Indochina Distributed Labels,1,8,13,702562,8
9,spotify:track:0BX2eDMZJrGzApf4ZGXrFi,"ANH TRAI ""SAY HI"", HIEUTHUHAI, ERIK, Anh Tú Atus, JSOL, Orange","NGÁO NGƠ (feat. HIEUTHUHAI, ERIK, Anh Tú Atus, JSOL & Orange)",Anh Trai Say Hi,6,7,5,683534,8
10,spotify:track:4nXrVH5xwN1w6TpmP7uu8n,"HIEUTHUHAI, marzuz",Exit Sign,M Music Records,8,10,47,662267,8
11,spotify:track:5IZDnmnMBzLnE6APoYL26d,"Vũ., Binz",bình yên,WM Vietnam,11,-1,1,638790,8
12,spotify:track:7gSQxwCpEMjg8wb6Y3oqe7,"ANH TRAI ""SAY HI"", RHYDER, Dương Domic, Pháp Kiều","HÀO QUANG (feat. RHYDER, Dương Domic & Pháp Kiều)",Anh Trai Say Hi,6,9,8,619084,8
13,spotify:track:4fj4Jn4nw8fGX8xdbCntJf,"CoolKid, RHYDER",Sau Cơn Mưa,MaiDao Music,8,11,53,607208,8
14,spotify:track:2N0SPREDYqILVEFSsWF5N5,V,Love Me Again,BIGHIT MUSIC,2,12,56,585236,8
15,spotify:track:26zqmmkqUK6mCc87XDzPym,"ANH TRAI ""SAY HI"", RHYDER, Captain, Quang Hùng MasterD, WEAN, Ali Hoàng Dương","CHÂN THÀNH (feat. RHYDER, Captain, Quang Hùng MasterD, WEAN & Ali Hoàng Dương)",Anh Trai Say Hi,14,14,3,523610,8
16,spotify:track:3ZbZtdEw9U0uZW4tZItIwq,"RHYDER, CoolKid, BAN",Chịu Cách Mình Nói Thua,RHYDER,6,18,41,510319,8
17,spotify:track:1zzCiwKpbS6zNC3OAdejd2,"ANH TRAI ""SAY HI"", RHYDER, WEAN, Đức Phúc, Hùng Huỳnh, tlinh","I'M THINKING ABOUT YOU (feat. RHYDER, WEAN, Đức Phúc, Hùng Huỳnh & tlinh)",Anh Trai Say Hi,15,15,4,490875,8
18,spotify:track:1K0HQ30Wc11okzlcnFA7Ub,HIEUTHUHAI,Không Thể Say,M Music Records,7,17,72,466796,8
19,spotify:track:6r5o9yIc16ZvymXUKJQ1yy,W/N,2 4,W NATION,8,13,5,459970,8
20,spotify:track:78lw4wahFNotXb0mOEtPkM,WEAN,BADBYE,WEAN,20,20,28,416895,8
21,spotify:track:3Alwi53Ahc2GwHgvel42b2,Lou Hoàng,Ngày Đẹp Trời Để Nói Chia Tay,WM Vietnam,4,23,12,383538,8
22,spotify:track:1o6cYDMHvKOfizi4d9Lqxr,W/N,id 072019,Universal Music Indochina Distributed Labels,3,27,58,382756,8
23,spotify:track:0s7RyyUlQfd8mnnboHe18n,"MANBO, HIEUTHUHAI, HURRYKNG",Hẹn Gặp Em Dưới Ánh Trăng,Gerdnang,23,33,25,381547,8
24,spotify:track:2uZmeuNAxSm7XfVIwLkhCx,Ronboogz,nhắn nhủ,MaiDao Music,14,24,38,380798,8
25,spotify:track:4qYfRfSxsmhJ1WMaywtLyI,"Wren Evans, itsnk",Từng Quen,Universal Music Indochina,1,31,45,378520,8
26,spotify:track:4CUvVaAYuXtvYURLFz7EIL,"Emcee L (Da LAB), Da LAB, Muộii (Starry Night)",Chuyện Đôi Ta (feat. Muộii),Yin Yang Media,3,26,144,378117,8
27,spotify:track:6D94p9ASguBcYlDC0o56vx,HIEUTHUHAI,NOLOVENOLIFE,M Music Records,24,29,47,377055,8
28,spotify:track:7tFwBnuaGXqiiONukPRaCo,Minh Huy,Miên Man,LOOPS Music,11,25,53,373998,8
29,spotify:track:6P7xEmk7ZZYz0AV84uOwiW,AMEE,Cuộc gọi lúc nửa đêm,Yin Yang Media,11,16,5,367234,8
30,spotify:track:4jWmhzf53Q0ZvZMuGdiR9x,"WEAN, tlinh",shhhhhhh..,WEAN,9,30,48,367035,8
31,spotify:track:6f7M5UzYYeLFCMIBQhxk2J,Rhymastic,Lặng,Universal Music Indochina Distributed Labels,7,22,9,364620,8
32,spotify:track:5TtNxUZBjYR4wgzOpHpS7h,"ANH TRAI ""SAY HI"", HIEUTHUHAI, JSOL, Ali Hoàng Dương, Vũ Thịnh","LOVE SAND (feat. HIEUTHUHAI, JSOL, Ali Hoàng Dương & Vũ Thịnh)",Anh Trai Say Hi,23,34,9,351759,8
33,spotify:track:2xOhv7XudrBDtkID1jwsFE,Vũ Cát Tường,Từng Là,Universal Music Indochina Distributed Labels,2,36,27,351503,8
34,spotify:track:5YiNxgEQQTuFi5dKLxxjWm,"ANH TRAI ""SAY HI"", Quang Hùng MasterD, Negav, Công Dương, NICKY","CATCH ME IF YOU CAN (feat. Quang Hùng MasterD, Negav, Công Dương & Nicky)",Anh Trai Say Hi,11,38,9,346741,8
35,spotify:track:4gaxEUZE4z9pJAVTSFwgQI,"14 Casper, Bon Nghiêm, buitruonglinh",một đời,DANDERLÉON,32,42,23,343060,8
36,spotify:track:1bG6Q8sR8jda7ryI365y8o,"Vũ., Dear Jane",Những Lời Hứa Bỏ Quên,WM Vietnam,1,43,38,340149,8
37,spotify:track:5PGh9MyKry8slG5AfvD1eD,"Obito, Shiki, VSTRA",Hà Nội,12 trái lê,10,35,48,339449,8
38,spotify:track:3OVMe3H6iAxbLF8iD2UYrw,Sơn Tùng M-TP,Chúng Ta Của Tương Lai,Universal Music Indochina Distributed Labels,1,32,26,334228,8
39,spotify:track:5J3m0taZ0W1E9HTE0MwcSv,Low G,Simp Gái 808,Rap Nhà Làm,9,44,47,329611,8
40,spotify:track:4exlWP8cokkWVCvyP3kg7c,"tlinh, 2pillz",nếu lúc đó,Universal Music Indochina Distributed Labels,1,40,79,328727,8
41,spotify:track:2a5hng9yXtbjtTVVm9UviC,Vũ Cát Tường,Mơ,Universal Music Indochina Distributed Labels,21,28,106,328487,8
42,spotify:track:5PLjpBivzvuaIIqqkQgnRK,"GREY D, tlinh",vaicaunoicokhiennguoithaydoi,M Music Records,2,46,116,318943,8
43,spotify:track:0ezCZF82GYZFV1W6W1os7N,"W/N, 267",id thang máy (feat. 267),W NATION,10,21,5,312575,8
44,spotify:track:5BTzf3doGTigDIYUFtbkI9,"Emcee L (Da LAB), Da LAB, Badbies",Sinh Ra Đã Là Thứ Đối Lập Nhau (feat. Badbies),Yin Yang Media,5,47,193,312055,8
45,spotify:track:6VXVYATpQXEIoZ97NnWCmn,"Madihu, Vũ.",Vì Anh Đâu Có Biết,WM Vietnam,2,53,109,311140,8
46,spotify:track:5T6j0rfpCDBzAxC8Fpd0N7,"Low G, Thắng",An Thần,Rap Nhà Làm,2,39,150,306068,8
47,spotify:track:3a2Oftcs10wtzw6AmxuTMU,Olew,Rồi Ta Sẽ Ngắm Pháo Hoa Cùng Nhau,LOOPS Music,8,54,85,302480,8
48,spotify:track:5ECHJ1llWBNYLVCYrllD3x,"Da LAB, Phương Ly",Chạy Khỏi Thế Giới Này,LOOPS Music,11,45,114,301880,8
49,spotify:track:3LWVXp636uLT356Rj08Jaz,Jimin,Be Mine,BIGHIT MUSIC,7,37,7,300542,8
50,spotify:track:7jLSThU5Kg1RWt19Leiaxm,"RPT MCK, Trung Trần",Chìm Sâu,N0L4B3L,1,52,132,296798,8
51,spotify:track:65aTHDZWUdh6WIafu9MtNF,"HIEUTHUHAI, Negav, Kewtiie",ngủ một mình (tình rất tình),M Music Records,2,60,90,285835,8
52,spotify:track:1J3SmWwlYAG68LGKr86MVH,Sơn Tùng M-TP,Chúng Ta Của Hiện Tại,Universal Music Indochina Distributed Labels,1,56,194,282414,8
53,spotify:track:0PBTlQ84CBJF0tBnKGmQa6,V,FRI(END)S,BIGHIT MUSIC,1,51,25,281391,8
54,spotify:track:0RKggS4he8LozKqMv09IrM,"ANH TRAI ""SAY HI"", HURRYKNG, HIEUTHUHAI, Negav, Pháp Kiều, Isaac","WALK (feat. HURRYKNG, HIEUTHUHAI, Negav, Pháp Kiều & Isaac)",Anh Trai Say Hi,41,41,3,279362,8
55,spotify:track:3uT8QfoX0BE8ZJa4h98LDW,"Puppy, Dangrangto",Wrong Times,MaiDao Music,38,48,44,276788,8
56,spotify:track:1J12HjUuXfJnaUdubTEzSR,HIEUTHUHAI,Nghe Như Tình Yêu,M Music Records,46,71,155,276674,8
57,spotify:track:5XfGQZA0ioQAWUjlyJRcHc,"Shiki, Obito",1000 Ánh Mắt,12 trái lê,8,49,10,272870,8
58,spotify:track:3DLtPObflLQBodZN8qGODT,"JustaTee, BigDaddy",2AM,WM Vietnam,18,57,123,272839,8
59,spotify:track:0A0oqleZkyD8FN6aW48Jzn,Khiem,Yên Bình Có Quá Đắt Không,Universal Music Indochina Distributed Labels,12,58,9,265963,8
60,spotify:track:7kgzRBNkBRArtTPkYjWLYT,"14 Casper, Bon Nghiêm",bao tiền một mớ bình yên?,DANDERLÉON,9,65,176,265859,8
61,spotify:track:1xoadYaxtOp9gHDwgmPDuz,"JSOL, Hoàng Duyên",Sài Gòn Hôm Nay Mưa,Universal Music Indochina,3,73,171,264417,8
62,spotify:track:7CyPwkp0oE8Ro9Dd5CUDjW,"The Weeknd, JENNIE, Lily-Rose Depp","One Of The Girls (with JENNIE, Lily Rose Depp)",XO / Republic Records,11,62,63,261993,8
63,spotify:track:1khMN4Adfi3LrZvxOq4YM5,"VSOUL, RPT MCK, Obito, Ronboogz, Boyzed","Buồn Hay Vui (feat. RPT MCK, Obito, Ronboogz & Boyzed)",12 trái lê,3,61,37,258217,8
64,spotify:track:7j3XQm7RR8T2EzaYtYK4rc,"W/N, Tezzy, Tien",Crush 2,RioX Records,51,75,115,257745,8
65,spotify:track:4sgMbwl9lXGyHcHmtFYGMm,aespa,Supernova,SM Entertainment,15,169,13,252629,8
66,spotify:track:6dOtVTDdiauQNBQEDOtlAB,Billie Eilish,BIRDS OF A FEATHER,Darkroom/Interscope Records,63,63,16,251450,8
67,spotify:track:1sczjXEYHpbpCsaA25ZzPv,starfall,intentions,Mercury Records / Republic Records,67,69,3,248248,8
68,spotify:track:4cdlZnUEuT8EYisPQkf01g,"MONO, 2pillz",Đi Tìm Tình Yêu,M Music Records,68,-1,1,243361,8
69,spotify:track:7pqx5vF7DzkVtEdsXQ9iua,"ANH TRAI ""SAY HI"", Quân A.P, HURRYKNG, Hùng Huỳnh","ĐẦU ĐỘI SỪNG (feat. Quân A.P, HURRYKNG & Hùng Huỳnh)",Anh Trai Say Hi,48,74,8,243133,8
70,spotify:track:5iZHnufFUgATzrpGgH1K0W,T.R.I,Ánh Sao Và Bầu Trời,Yin Yang Media,1,66,148,242577,8
71,spotify:track:3ukrFH17Zl6iEZ2QJ1Zwiy,"RPT Orijinn, Ronboogz",Don't Côi,Rapital,3,78,89,239328,8
72,spotify:track:2wZAvkgiOE5tyrnqhB69KA,Sơn Tùng M-TP,Âm Thầm Bên Em,Universal Music Indochina Distributed Labels,34,81,202,238788,8
73,spotify:track:7yfcQynap4xcNqnydaFw83,"SOOBIN, tlinh",Ai Mà Biết Được (feat. tlinh),WDND,9,70,11,235125,8
74,spotify:track:3A9A7mfVDVm3rrS9SMGhg5,Kha,Hư không,MaiDao Music,22,64,34,235050,8
75,spotify:track:27Z9T0mSWHYWSj9SNOGvyt,"JustaTee, Phương Ly",Thằng Điên,NGUYEN THANH TUAN,2,77,109,234826,8
76,spotify:track:52cD79EubHFgrw4lW0AnGB,"ANH TRAI ""SAY HI"", Dương Domic, Anh Tú Atus, Song Luân, Quang Trung, Anh Tú","BAO LỜI CON CHƯA NÓI (feat. Dương Domic, Anh Tú Atus, Song Luân, Quang Trung & Anh Tú)",Anh Trai Say Hi,59,59,3,233789,8
77,spotify:track:4vfhartd7HDWGJbdVIycEu,Sơn Tùng M-TP,Muộn Rồi Mà Sao Còn,Universal Music Indochina Distributed Labels,1,76,176,232398,8
78,spotify:track:6KgZf5gZgF1KLNxq1qZgHP,Phương Ly,Anh Là Ngoại Lệ Của Em,WM Vietnam,7,80,48,229266,8
79,spotify:track:4oGgxjxVOI69h9uOpHOzwn,Wren Evans,Để Ý,Universal Music Indochina Distributed Labels,10,84,12,224013,8
80,spotify:track:2qSkIjg1o9h3YT9RAgYN75,Sabrina Carpenter,Espresso,Island Records,13,87,20,221962,8
81,spotify:track:0QzuaeCEEOV40Pn7IvKEny,Dhruv,double take,Little Worry/RCA Records,8,98,174,221109,8
82,spotify:track:5J90ah0ppUSev1uahqQiN6,"Andiez, AMEE",Anh Đánh Rơi Người Yêu Này,MaiDao Music,19,79,96,220720,8
83,spotify:track:4HgTGTXHt1zie3upsI50zm,Ngô Lan Hương,Đi Giữa Trời Rực Rỡ (Original Soundtrack from “Đi Giữa Trời Rực Rỡ”),SK Pictures,83,147,2,219112,8
84,spotify:track:5C1O3fpMsiisJpHiB1uuDf,"52Hz, RIO",ĐỢI (Prod. RIO),DAO Entertainment,13,105,35,218364,8
85,spotify:track:0gzpqwLf1jhNjnSJEyweAX,"Kuun Đức Nam, Linh Thộn",Tình cờ yêu em,MaiDao Music,12,72,54,216779,8
86,spotify:track:2fDFssQASymjUb2B3XYdpf,"ANH TRAI ""SAY HI"", Dương Domic, Anh Tú Atus, Song Luân, Quang Trung, Anh Tú","ĐỀU LÀ CỦA EM (feat. Dương Domic, Anh Tú Atus, Song Luân, Quang Trung & Anh Tú)",Anh Trai Say Hi,86,175,2,214165,8
87,spotify:track:2n00rcPaXcWfFB9irOKOmh,Ronboogz,Anh Chỉ Muốn,MaiDao Music,77,88,34,212049,8
88,spotify:track:1EmMFSLRVkOszCa4ul9z0F,"W/N, Duongg, Nau, titie",3107 3,Universal Music Indochina Distributed Labels,1,86,162,210821,8
89,spotify:track:0vkExWiBJSrfWnlMC7x48b,UMIE,Không Yêu Xin Đừng Nói - Piano Version,LOOPS Music,37,82,79,209835,8
90,spotify:track:5WIKVELHZYJ4vl3x3xlbZD,"DMT, Dangrangto, TeuYungBoy, summerdayy, Rocky CDE",Ổ Quỷ,Smiley Panda,15,83,19,209517,8
91,spotify:track:1UQNU5O9VttUgO16pxUnjw,"Obito, Shiki, RPT MCK",Đánh Đổi,12 trái lê,7,97,48,208616,8
92,spotify:track:5tdz7T4hTxA1ipJMBe24uX,AMEE,"ex's hate me, Pt.2",Yin Yang Media,13,90,98,208609,8
93,spotify:track:1MiJk3dXC5jzhvLFP0dUM7,Da LAB,Thức Giấc,Yin Yang Media,1,92,165,208225,8
94,spotify:track:2o4dDfLK6NVI7TjBm5VoMv,"Lou Hoàng, Miu Lê",Yêu Một Người Có Lẽ,Onlyc Entertainment,33,104,141,205199,8
95,spotify:track:0fGJiHH6xSUJU1MAVjxq5m,"Karik, GDucky",Bạn Đời,WM Vietnam,5,100,49,204301,8
96,spotify:track:1GJ3suxtUVaguVQRemw6Zp,Andiez,Suýt Nữa Thì...,MaiDao Music,82,106,113,204247,8
97,spotify:track:5uyNAX6MazVAjBjVeOsTvp,"W/N, Duongg, Nâu",3 1 0 7 (feat. Duongg & Nâu),"HONG AN ENTERTAIMENT,.JSC",11,103,213,203643,8
98,spotify:track:24YjMHwrN1di1vXrpj4z3C,Ngọt,06 Quen Lắm,Ngọt,98,-1,1,203366,8
99,spotify:track:4bjN59DRXFRxBE1g5ne6B1,Agust D,Haegeum,BIGHIT MUSIC,1,50,41,202958,8
100,spotify:track:28bxbqNcAuNxYDZYet6eZ7,"RPT MCK, tlinh",Chỉ Một Đêm Nữa Thôi,N0L4B3L,9,89,79,202661,8
101,spotify:track:786cTF2koRtvnQd4HZCrJi,"ANH TRAI ""SAY HI"", Dương Domic, Quang Hùng MasterD, Lou Hoàng, Song Luân, Bảo Anh","CỨ ĐỂ ANH TA RỜI ĐI (feat. Dương Domic, Quang Hùng MasterD, Lou Hoàng, Song Luân & Bảo Anh)",Anh Trai Say Hi,66,67,5,202639,8
102,spotify:track:2AVDBKzxzTjLB91WVTfIlA,"ANH TRAI ""SAY HI"", RHYDER, Jmi Ko","ANH BIẾT RỒI (feat. Rhyder, Jmi Ko)",Anh Trai Say Hi,102,-1,1,201983,8
103,spotify:track:2YuINjtFaEi9E9WRv90bK6,"ANH TRAI ""SAY HI"", HIEUTHUHAI",QUAY ĐI QUAY LẠI (feat. HIEUTHUHAI),Anh Trai Say Hi,103,-1,1,200863,8
104,spotify:track:3YctJXK6kznnWl68TnYobN,RPT MCK,Anh Đã Ổn Hơn,N0L4B3L,3,96,79,200588,8
105,spotify:track:2pm7K14nHj2fLrpU8j9bit,PC,10 Ngàn Năm,12 trái lê,27,99,117,198652,8
106,spotify:track:5LQpQ6SDeaz6SIkR0lvsoC,"GREY D, Chillies",đưa em về nhàa,M Music Records,3,114,72,196926,8
107,spotify:track:0hiQvlWSSTr7n1kc1X2Lus,"HIEUTHUHAI, Harmonie",Bật Nhạc Lên,GERDNANG,59,117,200,196698,8
108,spotify:track:3hqOrxH5qPlvrApcb7Ac8c,Ronboogz,Lan Man,MaiDao Music,33,95,73,195125,8
109,spotify:track:255vSRpVq5YYKBJiem1BVx,Andree Right Hand,Chơi Như Tụi Mỹ,$maker Music,4,94,68,194067,8
110,spotify:track:1oVbTGLd8EgyeWBoqAYBD0,Trung Tu,Vừa Hận Vừa Yêu,Universal Music Indochina Distributed Labels,24,85,8,193703,8
111,spotify:track:2JuHIbFudHwDqQssgqsH3i,"Vũ Phụng Tiên, DT Tập Rap, Drum7",Lệ Lưu Ly,Big Arts Entertainment,6,110,50,192303,8
112,spotify:track:4tqXSj46umlymdIxqY8zso,SOOBIN,giá như,WDND,13,102,21,192078,8
113,spotify:track:3ET3xHCLMGd57u06A9RjJ0,Ronboogz,Nói Dối,MaiDao Music,79,93,44,191403,8
114,spotify:track:6xKs4CnVadRzdNZ48vhT27,Đức Phúc,Ngày Đầu Sau Chia Tay,Duc Phuc,54,108,11,188532,8
115,spotify:track:45PPoUgqs3JrhkZGEzSUHT,"W/N, ERIK, Nau","3107 4 (feat. Erik, Nâu)",Universal Music Indochina Distributed Labels,24,107,73,187758,8
116,spotify:track:3K7RddI2L8Wiv7uIbrhfLc,"The Masked Singer, Lâm Bảo Ngọc, Hứa Kim Tuyền",Rồi Em Sẽ Gặp Một Chàng Trai Khác,THE MASKED SINGER,11,113,42,187040,8
117,spotify:track:6jcLKVmEKAQIXIVHJZ8vzS,"MONSTAR, GREY D, NICKY, VƯƠNG BÌNH",tình yêu chậm trễ,Yin Yang Media,46,115,91,186669,8
118,spotify:track:5rSAUmbOg4giDrM29vUyHe,Sơn Tùng M-TP,Nơi Này Có Anh,Universal Music Indochina Distributed Labels,5,112,274,184135,8
119,spotify:track:6kCU6i8iRrAAmJJ8Sj4JYC,"Shartnuss, Tr.D, Phankeo",Nắng có mang em về,MaiDao Music,44,111,30,182778,8
120,spotify:track:6Hs2xIgB8nzyGFDvVA8lFa,"Madihu, Low G",Có Em,NGUYEN CHI PHONG,4,119,124,181763,8
121,spotify:track:7paCdW3grnoEi95tjO1OkG,Thịnh Suy,Thắc Mắc?,InQ International,110,138,39,181554,8
122,spotify:track:4qJSUFwZFouto5VZUlln75,"tlinh, Trung Trần",Thích Quá Rùi Nà,Universal Music Indochina Distributed Labels,34,116,207,179199,8
123,spotify:track:5JTZCDMaElB4ZBJc41YhMB,"Bằng Kiều, Binz, Bùi Công Nam, Duy Khánh 周周, Thanh Duy, Thien Minh",Dẫu Có Lỗi Lầm,Universal Music Indochina Distributed Labels,41,101,5,179076,8
124,spotify:track:5Bti0azlFhMattVY76qFr9,Vũ.,Lạ Lùng,WM Vietnam,17,143,335,178119,8
125,spotify:track:4NTanSVXBkQ2NmDEbr2vLE,"Kai Đinh, GREY D, Hoàng Thùy Linh",Trái đất ôm Mặt trời,Yin Yang Media,8,123,37,174754,8
126,spotify:track:2kauMp3YNHXULGXyJh4321,"Wren Evans, itsnk",Phóng Đổ Tim Em,Universal Music Indochina,9,118,38,174458,8
127,spotify:track:4N99EuIjwSSFFFMDfTeOLU,"buitruonglinh, Vũ Phụng Tiên",Em Không Khóc (feat. Vũ Phụng Tiên),Yin Yang Media,62,122,98,174399,8
128,spotify:track:4gxEY3Mh5FZZDAJAKPNrCS,LE SSERAFIM,CRAZY,SOURCE MUSIC,128,-1,1,173082,8
129,spotify:track:0SMpkybKsjUeONDdUCW69e,WEAN,Thờ ơ,M Music Records,129,-1,1,171295,8
130,spotify:track:3b34161QoxLwsqhWSPy9i5,Da LAB,Thanh Xuân,Sony Music Entertainment,1,141,315,171216,8
131,spotify:track:1dUmmBh2nw8XzEI3au0uFs,Thịnh Suy,Chết Trong Em,InQ International,4,136,97,171087,8
132,spotify:track:7LVrrX8pkzI9fMF88nGabt,"Đen, JustaTee",Đi Về Nhà,Đen,3,125,194,171083,8
133,spotify:track:1izPmgSW7FV6XFdEOiTvOY,"Changg, Minh Huy",Em Không Hiểu,Universal Music Indochina Distributed Labels,27,124,166,170577,8
134,spotify:track:6uxuJ8Fr1AAfSPJUF9N1yr,Vũ.,Bước Qua Mùa Cô Đơn,WM Vietnam,1,148,195,169706,8
135,spotify:track:1He7z9P4RbIAa0rNCUaIMN,"SOOBIN, Tiến Luật, Tuấn Hưng, Quốc Thiên, Rhymastic, Tự Long",Những Kẻ Mộng Mơ,Universal Music Indochina Distributed Labels,104,127,4,168913,8
136,spotify:track:1R1AFI3iNOYr0pGHwjFQBG,B Ray,Cao Ốc 20,Great Entertainment,109,109,21,168481,8
137,spotify:track:6iXGivPFpsqKmrINhIbPvx,Lynk Lee,Buồn Thì Cứ Khóc Đi,Lynk Lee,10,131,245,168206,8
138,spotify:track:4h3K653rm69JYWpO4du2BJ,Andiez,Chờ Đợi Có Đáng Sợ,Yin Yang Media,76,121,116,165304,8
139,spotify:track:1K3CXUYKhLYN7koLW5WQjX,Thắng,Xin Lỗi,Thắng,5,173,68,164139,8
140,spotify:track:5S2ObREaW7Dl1XMMC7SxGX,AMEE,Miền Mộng Mị,Yin Yang Media,21,55,5,162208,8
141,spotify:track:7ov3TDp5D00Rnu5R1viX4w,"LISA, ROSALÍA",New Woman (feat. ROSALÍA),Lloud Co./RCA Records,18,68,3,160953,8
142,spotify:track:4AgFXIVT7hVhBZ5DEOaLu3,Thịnh Suy,tiny love,Yin Yang Media,3,154,144,160544,8
143,spotify:track:2PYDUM2IC01FOTDLQdFxJP,"W/N, Duongg, Nau",3 1 0 7 - 2 (feat. DuongG & Nau),GUM GROUP,27,133,184,157959,8
144,spotify:track:2zRzmGerfTxc2epZHgaTdh,"Ngọt, Đen",Cho Tôi Lang Thang,Ngọt,35,165,223,156761,8
145,spotify:track:6Q2oEdOhRjZ1DTv2a7j0lN,"PC, Dick, tofutns",Ghé Qua,12 trái lê,64,137,207,156695,8
146,spotify:track:5G2f63n7IPVPPjfNIGih7Q,Sabrina Carpenter,Taste,Island Records,135,135,2,155382,8
147,spotify:track:6DyotcCWPqKQT8YWireU6L,Low G,Tán Gái 505,Rap Nhà Làm,65,129,68,154850,8
148,spotify:track:25edeHHueINMguqu9emCyV,"Đen, Phương Anh Đào",Lối Nhỏ,Đen,1,152,254,154525,8
149,spotify:track:5IPyVAKgMFP99F2DqUoohG,Chi Xê,Seenderella,Universal Music Indochina,149,187,2,152594,8
150,spotify:track:18iADruKMXIloyA9vCJXFE,"An Vũ, Sino",Chàng Trai Bất Tử,Yin Yang Media,56,161,31,151299,8
151,spotify:track:5N3hjp1WNayUPZrA8kJmJP,Sabrina Carpenter,Please Please Please,Island Records,83,126,8,150892,8
152,spotify:track:1m4BSQjgXAfoR4dBAapAr7,"Masew, B Ray, REDT, Ý Tiên",Lửng Lơ,SKY Music JSC,113,159,89,150553,8
153,spotify:track:2MFqzQ3eJPM1dHCaioyU1s,"ANH TRAI ""SAY HI"", RHYDER, Captain, Quang Hùng MasterD, WEAN, Ali Hoàng Dương","SOS (feat. RHYDER, Captain, Quang Hùng MasterD, WEAN & Ali Hoàng Dương)",Anh Trai Say Hi,139,139,2,149991,8
154,spotify:track:51ZQ1vr10ffzbwIjDCwqm4,Ariana Grande,we can't be friends (wait for your love),Republic Records,17,145,26,149419,8
155,spotify:track:3z7at2LZwJsg8UvqGw3JAv,"MIN, Mr A",Có Em Chờ,MIN,142,162,13,147877,8
156,spotify:track:2qWP5ZarXRsdmxzz3L3BtP,"SUNI Hạ Linh, Hoàng Dũng, GREY D, Orange, tlinh",có hẹn với thanh xuân,Universal Music Indochina Distributed Labels,27,134,110,145681,8
157,spotify:track:1Qrg8KqiBpW07V7PNxwwwL,SZA,Kill Bill,Top Dawg Entertainment/RCA Records,6,156,83,145313,8
158,spotify:track:5KaZWNVmNQlqM8LdENnxuL,Thanh Hưng,Lao Tâm Khổ Tứ,LOOPS Music,158,179,4,144465,8
159,spotify:track:65cM1nyMf9pFDZVV8xmPX9,GREY D,dự báo thời tiết hôm nay mưa,M Music Records,7,167,94,143088,8
160,spotify:track:6IHLOkgZftkcqS3fM0jMCT,"MONO, Onionn.",Em Xinh,M Music Records,10,192,35,142310,8
161,spotify:track:2nR51wakN5K3AJENqGaNg9,"Đen, MIN",Bài Này Chill Phết,Đen,1,155,275,141235,8
162,spotify:track:5cml547MByVlaVrKU2lJTg,"Andree Right Hand, Wxrdie, Bình Gold, 2pillz",Em iu,$maker Music,18,146,67,140513,8
163,spotify:track:3vkCueOmm7xQDoJ17W1Pm3,Mitski,My Love Mine All Mine,Dead Oceans,30,157,48,139887,8
164,spotify:track:71Q8QWLpvwvfQ6zM5BdCnm,"2T, Văn",Liệu Giờ,LOOPS Music,22,158,209,139594,8
165,spotify:track:73ax9vvEPz8yXm9TCrn2Y1,"ANH TRAI ""SAY HI"", Negav, GREY D",CHÀNG KHỜ THUỶ CUNG (feat. Negav & GREY D),Anh Trai Say Hi,165,-1,1,139587,8
166,spotify:track:3kwb99PcsCYFYcFB0jTr1a,Ngọt,09 Chuyện Thường,Ngọt,166,-1,1,139092,8
167,spotify:track:0JKGe340YJwfDrpXqPQ8sw,Agust D,Daechwita,BIGHIT MUSIC,1,120,21,138974,8
168,spotify:track:3XEspwit4d8gwKKgeopfCv,"Sean, Lửa",Em Thích,MaiDao Music,65,140,84,138685,8
169,spotify:track:7fNHfgOxPLcg4mQLhCnOHB,"Rapital, Groovie Lã Thắng, tlinh, RPT MCK",XTC (Xích Thêm Chút) (Remix),M Music Records,87,151,166,138201,8
170,spotify:track:2SykQzXuFSeprST1uDjj1m,AMEE,trời giấu trời mang đi,Yin Yang Media,52,160,74,137906,8
171,spotify:track:3rxbssNItXaXyqc0wJUsYC,AMEE,2000 câu hỏi vì sao,Yin Yang Media,22,91,5,137577,8
172,spotify:track:1BxfuPKGuaTgP7aM0Bbdwr,Taylor Swift,Cruel Summer,Taylor Swift,5,168,71,136352,8
173,spotify:track:1KZVA4mJbjH6V9i7lP36FH,"OgeNus, PiaLinh",Say Yes (Vietnamese Version),MaiDao Music,173,-1,1,136169,8
174,spotify:track:62SFLTN7txImu8pQwBMP6A,"Tăng Duy Tân, Hoà Minzy",Bật Tình Yêu Lên,Big Arts Entertainment,4,185,73,135462,8
175,spotify:track:3J3nv18iIrOhca1ZWNeuyW,JustaTee,Đã Lỡ Yêu Em Nhiều,NGUYEN THANH TUAN,36,171,91,135454,8
176,spotify:track:7sZgr8RsXkDwkmiQok691a,Thịnh Suy,Mai Mình Xa,InQ International,85,-1,20,134600,8
177,spotify:track:0X28PqBpbQhWdi4usYw0w5,"Wren Evans, itsnk",Tò Te Tí,Universal Music Indochina,3,163,38,134393,8
178,spotify:track:4S0uLMXRoAjFfIJOW7A8aW,Rhymastic,Nến Và Hoa,WM Vietnam,2,176,221,133222,8
179,spotify:track:3nAwC1qVqRQYiRCrp6q1dU,Winno,Say Đắm Trong Lần Đầu,MaiDao Music,142,198,52,133126,8
180,spotify:track:01qFKNWq73UfEslI0GvumE,"Jung Kook, Jack Harlow",3D (feat. Jack Harlow),BIGHIT MUSIC,2,164,49,133073,8
181,spotify:track:3440g8awr2l0E5Yy2X5Epk,RPT MCK,Tại Vì Sao,N0L4B3L,3,177,102,132353,8
182,spotify:track:4LAdZsiks8vsw3e1iZQgVY,"HIEUTHUHAI, B Ray, Tage",Không Phải Gu,M Music Records,51,170,27,131092,8
183,spotify:track:4Iz5EWPCAT8jYNk4IpLoll,buitruonglinh,Dù Cho Mai Về Sau,Yin Yang Media,10,174,181,130592,8
184,spotify:track:4XkEva4YsNmPQBLe8V126L,"HIEUTHUHAI, Phương Ly",Xoay Một Vòng,M Music Records,152,183,10,130433,8
185,spotify:track:5cn5oHiXJTLiuthgbgfkMh,Vũ Cát Tường,Vết Mưa,Universal Music Indochina Distributed Labels,57,194,42,130010,8
186,spotify:track:2o1pb13quMReXZqE7jWsgq,Ariana Grande,intro (end of the world),Republic Records,13,191,25,129864,8
187,spotify:track:0SipHvQl82LyuU4t9Zkf8Z,"ANH TRAI ""SAY HI"", Lou Hoàng, Pháp Kiều, WEAN, Quân A.P, Hải Đăng Doo, Ali Hoàng Dương, NICKY","HÚT (feat. Lou Hoàng, Pháp Kiều, WEAN, Quân A.P, Hải Đăng Doo, Ali Hoàng Dương & Nicky)",Anh Trai Say Hi,117,149,9,129398,8
188,spotify:track:54UNNgtE3zzERwTuWSQLqd,"MONSTAR, GREY D, VƯƠNG BÌNH",có hẹn với thanh xuân,Yin Yang Media,5,-1,161,128838,8
189,spotify:track:2WOpp4vm16unl0N3i3BNNv,"NÂN, Ngơ",Tình Đắng Như Ly Cà Phê,nân,15,172,241,128714,8
190,spotify:track:7td8DTWoGC9u9db37mGHX6,"Đen, PiaLinh",Nấu ăn cho em,Đen,8,-1,58,128505,8
191,spotify:track:7oBUoEbCDF748UkHnLusUB,Thịnh Suy,Chuyện Rằng,Yin Yang Media,5,189,212,128054,8
192,spotify:track:7kpNUrBDYDoX6QKGzrBD1R,"RPT MCK, Trung Trần",Thôi Em Đừng Đi,N0L4B3L,8,144,79,127963,8
193,spotify:track:1aKvZDoLGkNMxoRYgkckZG,ILLIT,Magnetic,BELIFT LAB,5,186,24,127856,8
194,spotify:track:1Rl6XZjjYq7zBJGALyGTZH,"ANH TRAI ""SAY HI"", Song Luân, Anh Tú Atus, Captain, Quang Trung","YOU (feat. Song Luân, Anh Tú Atus, Captain & Quang Trung)",Anh Trai Say Hi,122,150,7,127387,8
195,spotify:track:2LBqCSwhJGcFQeTHMVGwy3,The Weeknd,Die For You,Universal Republic Records,49,-1,79,127219,8
196,spotify:track:2ddbldKhKrYvOBbYa87cbj,"Vũ., Hà Anh Tuấn",Dành Hết Xuân Thì Để Chờ Nhau,WM Vietnam,13,-1,22,126749,8
197,spotify:track:53zusvCJkyGYjEZ6bnLIjh,Hà Anh Tuấn,Tháng Tư Là Lời Nói Dối Của Em,Yin Yang Media,49,193,40,126378,8
198,spotify:track:3QD2NfLEIvMRbzv2uTu4B7,Myra Trần,Anh Chưa Thương Em Đến Vậy Đâu,Sony Music Entertainment,6,199,87,125920,8
199,spotify:track:7h2zqUH4bYyknNUxsYnS5V,"PhucXp, Freak D",Như Anh Đã Thấy Em,MaiDao Music,33,188,89,125389,8
200,spotify:track:79bSb2Ilugozn6VygdplEZ,Andiez,1 Phút,MaiDao Music,21,-1,172,125285,8
1,spotify:track:2HRgqmZQC0MC7GeNuDIXHN,"Jung Kook, Latto",Seven (feat. Latto) (Explicit Ver.),BIGHIT MUSIC,1,1,64,4066056,9
2,spotify:track:2KslE17cAJNHTsI2MI0jb2,Jung Kook,Standing Next to You,BIGHIT MUSIC,1,3,47,2499194,9
3,spotify:track:7tI8dRuH2Yc6RuoTjxo4dU,Jimin,Who,BIGHIT MUSIC,1,2,11,2367120,9
4,spotify:track:41DlPJXKTCypXdf2eSqa03,"Vũ., Binz",bình yên,WM Vietnam,4,4,5,1152577,9
5,spotify:track:0SLzsfxED15vyUccX4bCqo,"tlinh, Low G",HOP ON DA SHOW,M Music Records,5,8,3,1012873,9
6,spotify:track:3COYA2vgfcUhDyRlVpZy5p,"tlinh, Low G",PHÓNG ZÌN ZÌN,M Music Records,6,14,2,1011767,9
7,spotify:track:2oVLEoBVDvYrGmzrU7dEm5,"ANH TRAI ""SAY HI"", Dương Domic",TRÀN BỘ NHỚ (feat. Dương Domic),Anh Trai Say Hi,5,5,4,979881,9
8,spotify:track:68vprHs3lxe8uNUpyXZcM8,"ANH TRAI ""SAY HI"", HIEUTHUHAI, Dương Domic, Song Luân, JSOL, Trần Đăng Dương","SAO HẠNG A (feat. HIEUTHUHAI, Dương Domic, Song Luân, Jsol & Trần Đăng Dương)",Anh Trai Say Hi,8,12,3,887218,9
9,spotify:track:2GE2p2dFpxp7OIz2QOFBzW,"ANH TRAI ""SAY HI"", HURRYKNG, HIEUTHUHAI, Negav, Pháp Kiều, Isaac","KIM PHÚT, KIM GIỜ (feat. HURRYKNG, HIEUTHUHAI, Negav, Pháp Kiều & Isaac)",Anh Trai Say Hi,5,6,6,859573,9
10,spotify:track:2plbrEY59IikOBgBGLjaoe,"Lady Gaga, Bruno Mars",Die With A Smile,Interscope,4,7,7,821357,9
11,spotify:track:4nXrVH5xwN1w6TpmP7uu8n,"HIEUTHUHAI, marzuz",Exit Sign,M Music Records,8,9,51,792767,9
12,spotify:track:2N0SPREDYqILVEFSsWF5N5,V,Love Me Again,BIGHIT MUSIC,2,10,60,685415,9
13,spotify:track:7zxfM3Hi0cdeCsORWtXGKs,"ANH TRAI ""SAY HI"", Quang Hùng MasterD, Negav, Pháp Kiều, ERIK","TÌNH ĐẦU QUÁ CHÉN (feat. Quang Hùng MasterD, Negav, Pháp Kiều & Erik)",Anh Trai Say Hi,13,23,3,682313,9
14,spotify:track:7gSQxwCpEMjg8wb6Y3oqe7,"ANH TRAI ""SAY HI"", RHYDER, Dương Domic, Pháp Kiều","HÀO QUANG (feat. RHYDER, Dương Domic & Pháp Kiều)",Anh Trai Say Hi,6,15,12,681911,9
15,spotify:track:4fj4Jn4nw8fGX8xdbCntJf,"CoolKid, RHYDER",Sau Cơn Mưa,MaiDao Music,8,11,57,673052,9
16,spotify:track:0BX2eDMZJrGzApf4ZGXrFi,"ANH TRAI ""SAY HI"", HIEUTHUHAI, ERIK, Anh Tú Atus, JSOL, Orange","NGÁO NGƠ (feat. HIEUTHUHAI, ERIK, Anh Tú Atus, JSOL & Orange)",Anh Trai Say Hi,6,17,9,647082,9
17,spotify:track:31VNCmwspR7nVJ6kruUuJt,Sơn Tùng M-TP,Đừng Làm Trái Tim Anh Đau,Universal Music Indochina Distributed Labels,1,16,17,642851,9
18,spotify:track:5oFEvbM7lGnx8jfAkuhVyo,"AMEE, RPT MCK",MỘNG YU,Yin Yang Media,3,13,9,633367,9
19,spotify:track:1K0HQ30Wc11okzlcnFA7Ub,HIEUTHUHAI,Không Thể Say,M Music Records,7,22,76,568456,9
20,spotify:track:3ZbZtdEw9U0uZW4tZItIwq,"RHYDER, CoolKid, BAN",Chịu Cách Mình Nói Thua,RHYDER,6,20,45,563526,9
21,spotify:track:3JIfmjJbanxJkwaPzYa2gN,"ANH TRAI ""SAY HI"", Quân A.P, Pháp Kiều, Quang Trung, Ali Hoàng Dương, Lâm Bảo Ngọc","REGRET (feat. Quân A.P, Pháp Kiều, Quang Trung, Ali Hoàng Dương & Lâm Bảo Ngọc)",Anh Trai Say Hi,5,24,9,545266,9
22,spotify:track:26zqmmkqUK6mCc87XDzPym,"ANH TRAI ""SAY HI"", RHYDER, Captain, Quang Hùng MasterD, WEAN, Ali Hoàng Dương","CHÂN THÀNH (feat. RHYDER, Captain, Quang Hùng MasterD, WEAN & Ali Hoàng Dương)",Anh Trai Say Hi,14,21,7,530097,9
23,spotify:track:7Cjsw965r7mVK888ZqP6Wo,Negav,Mình Anh Thôi,MIXUS,18,18,4,520807,9
24,spotify:track:07d8eaOuAWdC0DANq3tdPd,"ANH TRAI ""SAY HI"", HIEUTHUHAI",QUAY ĐI QUAY LẠI (feat. HIEUTHUHAI),Anh Trai Say Hi,14,19,5,479793,9
25,spotify:track:6D94p9ASguBcYlDC0o56vx,HIEUTHUHAI,NOLOVENOLIFE,M Music Records,24,26,51,457506,9
26,spotify:track:1LJyhnPdYGRLerwJd8CmL1,"Vũ., Dear Jane",Những Lời Hứa Bỏ Quên,WM Vietnam,1,38,42,447982,9
27,spotify:track:0s7RyyUlQfd8mnnboHe18n,"MANBO, HIEUTHUHAI, HURRYKNG",Hẹn Gặp Em Dưới Ánh Trăng,Gerdnang,22,33,29,442817,9
28,spotify:track:4gaxEUZE4z9pJAVTSFwgQI,"14 Casper, Bon Nghiêm, buitruonglinh",một đời,DANDERLÉON,28,28,27,427138,9
29,spotify:track:4WZf4gJ2MvBec6XPdUiqcq,"ANH TRAI ""SAY HI"", RHYDER, Jmi Ko","ANH BIẾT RỒI (feat. Rhyder, Jmi Ko)",Anh Trai Say Hi,15,25,5,423953,9
30,spotify:track:7tFwBnuaGXqiiONukPRaCo,Minh Huy,Miên Man,LOOPS Music,11,30,57,415189,9
31,spotify:track:3uT8QfoX0BE8ZJa4h98LDW,"Puppy, Dangrangto",Wrong Times,MaiDao Music,31,51,48,413648,9
32,spotify:track:7kKu4NWeBh01I6aTIEP9bg,"ANH TRAI ""SAY HI"", Quang Hùng MasterD",TRÓI EM LẠI (feat. Quang Hùng MasterD),Anh Trai Say Hi,27,27,4,407470,9
33,spotify:track:4CUvVaAYuXtvYURLFz7EIL,"Emcee L (Da LAB), Da LAB, Muộii (Starry Night)",Chuyện Đôi Ta (feat. Muộii),Yin Yang Media,3,32,148,395348,9
34,spotify:track:2uZmeuNAxSm7XfVIwLkhCx,Ronboogz,nhắn nhủ,MaiDao Music,14,29,42,390050,9
35,spotify:track:4HgTGTXHt1zie3upsI50zm,Ngô Lan Hương,Đi Giữa Trời Rực Rỡ (Original Soundtrack from “Đi Giữa Trời Rực Rỡ”),SK Pictures,35,47,6,387014,9
36,spotify:track:4qYfRfSxsmhJ1WMaywtLyI,"Wren Evans, itsnk",Từng Quen,Universal Music Indochina,1,37,49,377997,9
37,spotify:track:4exlWP8cokkWVCvyP3kg7c,"tlinh, 2pillz",nếu lúc đó,Universal Music Indochina Distributed Labels,1,40,83,373337,9
38,spotify:track:2a5hng9yXtbjtTVVm9UviC,Vũ Cát Tường,Mơ,Universal Music Indochina Distributed Labels,21,31,110,365504,9
39,spotify:track:1J12HjUuXfJnaUdubTEzSR,HIEUTHUHAI,Nghe Như Tình Yêu,M Music Records,39,48,159,362935,9
40,spotify:track:5PLjpBivzvuaIIqqkQgnRK,"GREY D, tlinh",vaicaunoicokhiennguoithaydoi,M Music Records,2,35,120,360358,9
41,spotify:track:5J3m0taZ0W1E9HTE0MwcSv,Low G,Simp Gái 808,Rap Nhà Làm,9,45,51,358857,9
42,spotify:track:1o6cYDMHvKOfizi4d9Lqxr,W/N,id 072019,Universal Music Indochina Distributed Labels,3,34,62,357726,9
43,spotify:track:7mbWwlHgukuuW8r7Nc3FHv,"Chọn gì? Chọn đi!, OgeNus, PiaLinh",Say Yes (Vietnamese Version),MaiDao Music,43,50,4,356061,9
44,spotify:track:2xOhv7XudrBDtkID1jwsFE,Vũ Cát Tường,Từng Là,Universal Music Indochina Distributed Labels,2,36,31,354858,9
45,spotify:track:6VXVYATpQXEIoZ97NnWCmn,"Madihu, Vũ.",Vì Anh Đâu Có Biết,WM Vietnam,2,43,113,354401,9
46,spotify:track:1TcmqSx576eBcuTxTtcEAk,"tlinh, Low G",NGÂN,M Music Records,46,57,2,351858,9
47,spotify:track:4jWmhzf53Q0ZvZMuGdiR9x,"WEAN, tlinh",shhhhhhh..,WEAN,9,53,52,348003,9
48,spotify:track:5YiNxgEQQTuFi5dKLxxjWm,"ANH TRAI ""SAY HI"", Quang Hùng MasterD, Negav, Công Dương, NICKY","CATCH ME IF YOU CAN (feat. Quang Hùng MasterD, Negav, Công Dương & Nicky)",Anh Trai Say Hi,11,46,13,345850,9
49,spotify:track:78lw4wahFNotXb0mOEtPkM,WEAN,BADBYE,WEAN,20,39,32,343577,9
50,spotify:track:5T6j0rfpCDBzAxC8Fpd0N7,"Low G, Thắng",An Thần,Rap Nhà Làm,2,52,154,336095,9
51,spotify:track:1zzCiwKpbS6zNC3OAdejd2,"ANH TRAI ""SAY HI"", RHYDER, WEAN, Đức Phúc, Hùng Huỳnh, tlinh","I'M THINKING ABOUT YOU (feat. RHYDER, WEAN, Đức Phúc, Hùng Huỳnh & tlinh)",Anh Trai Say Hi,15,49,8,334786,9
52,spotify:track:2dPJtlvoa3GDowCh035M8P,Vũ.,Nếu Những Tiếc Nuối,WM Vietnam,52,-1,1,334509,9
53,spotify:track:5ECHJ1llWBNYLVCYrllD3x,"Da LAB, Phương Ly",Chạy Khỏi Thế Giới Này,LOOPS Music,11,44,118,327593,9
54,spotify:track:6r5o9yIc16ZvymXUKJQ1yy,W/N,2 4,W NATION,8,41,9,327353,9
55,spotify:track:3a2Oftcs10wtzw6AmxuTMU,Olew,Rồi Ta Sẽ Ngắm Pháo Hoa Cùng Nhau,LOOPS Music,8,42,89,317735,9
56,spotify:track:65aTHDZWUdh6WIafu9MtNF,"HIEUTHUHAI, Negav, Kewtiie",ngủ một mình (tình rất tình),M Music Records,2,54,94,313719,9
57,spotify:track:5PGh9MyKry8slG5AfvD1eD,"Obito, Shiki, VSTRA",Hà Nội,12 trái lê,10,55,52,310761,9
58,spotify:track:5BTzf3doGTigDIYUFtbkI9,"Emcee L (Da LAB), Da LAB, Badbies",Sinh Ra Đã Là Thứ Đối Lập Nhau (feat. Badbies),Yin Yang Media,5,58,197,296778,9
59,spotify:track:3Alwi53Ahc2GwHgvel42b2,Lou Hoàng,Ngày Đẹp Trời Để Nói Chia Tay,WM Vietnam,4,59,16,294588,9
60,spotify:track:3OVMe3H6iAxbLF8iD2UYrw,Sơn Tùng M-TP,Chúng Ta Của Tương Lai,Universal Music Indochina Distributed Labels,1,60,30,286055,9
61,spotify:track:0e6fZkLArSmDIHnZcIua7t,"Vũ., Low G",Không Yêu Em Thì Yêu Ai?,WM Vietnam,61,-1,1,285131,9
62,spotify:track:3DLtPObflLQBodZN8qGODT,"JustaTee, BigDaddy",2AM,WM Vietnam,18,72,127,285069,9
63,spotify:track:41JPN7pZMTp1sumBOHOzHd,"Agust D, IU",People Pt.2 (feat. IU),BIGHIT MUSIC,1,136,34,283156,9
64,spotify:track:6f7M5UzYYeLFCMIBQhxk2J,Rhymastic,Lặng,Universal Music Indochina Distributed Labels,7,56,13,279886,9
65,spotify:track:3QjcsqERv4IfmopRvXFoWB,"tlinh, Low G",DÂU TẰM,M Music Records,65,70,2,279292,9
66,spotify:track:3ER1r0HipeSSu7YNImC6vd,"Wxrdie, Marlykid, Lucin3x",Bước Za Đi Xa,Universal Music Indochina Distributed Labels,61,61,2,274046,9
67,spotify:track:7jLSThU5Kg1RWt19Leiaxm,"RPT MCK, Trung Trần",Chìm Sâu,N0L4B3L,1,66,136,273627,9
68,spotify:track:3LWVXp636uLT356Rj08Jaz,Jimin,Be Mine,BIGHIT MUSIC,7,71,11,266498,9
69,spotify:track:5TtNxUZBjYR4wgzOpHpS7h,"ANH TRAI ""SAY HI"", HIEUTHUHAI, JSOL, Ali Hoàng Dương, Vũ Thịnh","LOVE SAND (feat. HIEUTHUHAI, JSOL, Ali Hoàng Dương & Vũ Thịnh)",Anh Trai Say Hi,23,63,13,266296,9
70,spotify:track:7CyPwkp0oE8Ro9Dd5CUDjW,"The Weeknd, JENNIE, Lily-Rose Depp","One Of The Girls (with JENNIE, Lily Rose Depp)",XO / Republic Records,11,68,67,264006,9
71,spotify:track:7kgzRBNkBRArtTPkYjWLYT,"14 Casper, Bon Nghiêm",bao tiền một mớ bình yên?,DANDERLÉON,9,65,180,262064,9
72,spotify:track:5iZHnufFUgATzrpGgH1K0W,T.R.I,Ánh Sao Và Bầu Trời,Yin Yang Media,1,74,152,253877,9
73,spotify:track:5J90ah0ppUSev1uahqQiN6,"Andiez, AMEE",Anh Đánh Rơi Người Yêu Này,MaiDao Music,19,75,100,253148,9
74,spotify:track:6uxuJ8Fr1AAfSPJUF9N1yr,Vũ.,Bước Qua Mùa Cô Đơn,WM Vietnam,1,97,199,246945,9
75,spotify:track:6P7xEmk7ZZYz0AV84uOwiW,AMEE,Cuộc gọi lúc nửa đêm,Yin Yang Media,11,69,9,243106,9
76,spotify:track:4qJSUFwZFouto5VZUlln75,"tlinh, Trung Trần",Thích Quá Rùi Nà,Universal Music Indochina Distributed Labels,34,87,211,241594,9
77,spotify:track:6dOtVTDdiauQNBQEDOtlAB,Billie Eilish,BIRDS OF A FEATHER,Darkroom/Interscope Records,63,99,20,239204,9
78,spotify:track:4sgMbwl9lXGyHcHmtFYGMm,aespa,Supernova,SM Entertainment,15,90,17,238042,9
79,spotify:track:3A9A7mfVDVm3rrS9SMGhg5,Kha,Hư không,MaiDao Music,22,73,38,237356,9
80,spotify:track:27Z9T0mSWHYWSj9SNOGvyt,"JustaTee, Phương Ly",Thằng Điên,NGUYEN THANH TUAN,2,84,113,235539,9
81,spotify:track:0PBTlQ84CBJF0tBnKGmQa6,V,FRI(END)S,BIGHIT MUSIC,1,80,29,235184,9
82,spotify:track:2wZAvkgiOE5tyrnqhB69KA,Sơn Tùng M-TP,Âm Thầm Bên Em,Universal Music Indochina Distributed Labels,34,82,206,235022,9
83,spotify:track:5Bti0azlFhMattVY76qFr9,Vũ.,Lạ Lùng,WM Vietnam,17,95,339,229128,9
84,spotify:track:0QzuaeCEEOV40Pn7IvKEny,Dhruv,double take,Little Worry/RCA Records,8,81,178,226773,9
85,spotify:track:12bcCsDriq4kuXeC6egRUT,"Vũ., Hà Anh Tuấn",Dành Hết Xuân Thì Để Chờ Nhau,WM Vietnam,13,-1,25,226549,9
86,spotify:track:6KgZf5gZgF1KLNxq1qZgHP,Phương Ly,Anh Là Ngoại Lệ Của Em,WM Vietnam,7,77,52,224527,9
87,spotify:track:4OXAneZHFJyQV1RuzCzmH3,"VSOUL, RPT MCK, Obito, Ronboogz, Boyzed","Buồn Hay Vui (feat. RPT MCK, Obito, Ronboogz & Boyzed)",12 trái lê,3,86,41,223834,9
88,spotify:track:0fGJiHH6xSUJU1MAVjxq5m,"Karik, GDucky",Bạn Đời,WM Vietnam,5,94,53,223212,9
89,spotify:track:5XfGQZA0ioQAWUjlyJRcHc,"Shiki, Obito",1000 Ánh Mắt,12 trái lê,8,62,14,221753,9
90,spotify:track:2o4dDfLK6NVI7TjBm5VoMv,"Lou Hoàng, Miu Lê",Yêu Một Người Có Lẽ,Onlyc Entertainment,33,93,145,221007,9
91,spotify:track:1GJ3suxtUVaguVQRemw6Zp,Andiez,Suýt Nữa Thì...,MaiDao Music,78,78,117,220338,9
92,spotify:track:1J3SmWwlYAG68LGKr86MVH,Sơn Tùng M-TP,Chúng Ta Của Hiện Tại,Universal Music Indochina Distributed Labels,1,92,198,218762,9
93,spotify:track:0RKggS4he8LozKqMv09IrM,"ANH TRAI ""SAY HI"", HURRYKNG, HIEUTHUHAI, Negav, Pháp Kiều, Isaac","WALK (feat. HURRYKNG, HIEUTHUHAI, Negav, Pháp Kiều & Isaac)",Anh Trai Say Hi,41,103,7,218010,9
94,spotify:track:1xoadYaxtOp9gHDwgmPDuz,"JSOL, Hoàng Duyên",Sài Gòn Hôm Nay Mưa,Universal Music Indochina,3,83,175,217782,9
95,spotify:track:6kCU6i8iRrAAmJJ8Sj4JYC,"Shartnuss, Tr.D, Phankeo",Nắng có mang em về,MaiDao Music,44,91,34,217511,9
96,spotify:track:2n00rcPaXcWfFB9irOKOmh,Ronboogz,Anh Chỉ Muốn,MaiDao Music,77,109,38,216938,9
97,spotify:track:2ZqTbIID9vFPTXaGyzbb4q,"Megan Thee Stallion, RM",Neva Play (feat. RM of BTS),Hot Girl Productions,5,64,4,216521,9
98,spotify:track:0hiQvlWSSTr7n1kc1X2Lus,"HIEUTHUHAI, Harmonie",Bật Nhạc Lên,GERDNANG,59,111,204,215948,9
99,spotify:track:0gzpqwLf1jhNjnSJEyweAX,"Kuun Đức Nam, Linh Thộn",Tình cờ yêu em,MaiDao Music,12,79,58,215868,9
100,spotify:track:7j3XQm7RR8T2EzaYtYK4rc,"W/N, Tezzy, Tien",Crush 2,RioX Records,51,88,119,214818,9
101,spotify:track:1pwyiEOvhXLvlpzTZcgfhe,"ANH TRAI ""SAY HI"", Negav, GREY D",CHÀNG KHỜ THUỶ CUNG (feat. Negav & GREY D),Anh Trai Say Hi,53,67,5,212250,9
102,spotify:track:5C1O3fpMsiisJpHiB1uuDf,"52Hz, RIO",ĐỢI (Prod. RIO),DAO Entertainment,13,112,39,211862,9
103,spotify:track:2pm7K14nHj2fLrpU8j9bit,PC,10 Ngàn Năm,12 trái lê,27,98,121,211648,9
104,spotify:track:3ukrFH17Zl6iEZ2QJ1Zwiy,"RPT Orijinn, Ronboogz",Don't Côi,Rapital,3,89,93,209280,9
105,spotify:track:5LQpQ6SDeaz6SIkR0lvsoC,"GREY D, Chillies",đưa em về nhàa,M Music Records,3,100,76,208194,9
106,spotify:track:6Hs2xIgB8nzyGFDvVA8lFa,"Madihu, Low G",Có Em,NGUYEN CHI PHONG,4,113,128,207800,9
107,spotify:track:28bxbqNcAuNxYDZYet6eZ7,"RPT MCK, tlinh",Chỉ Một Đêm Nữa Thôi,N0L4B3L,9,116,83,207710,9
108,spotify:track:5tdz7T4hTxA1ipJMBe24uX,AMEE,"ex's hate me, Pt.2",Yin Yang Media,13,102,102,207517,9
109,spotify:track:0A0oqleZkyD8FN6aW48Jzn,Khiem,Yên Bình Có Quá Đắt Không,Universal Music Indochina Distributed Labels,12,85,13,207140,9
110,spotify:track:1MiJk3dXC5jzhvLFP0dUM7,Da LAB,Thức Giấc,Yin Yang Media,1,110,169,206238,9
111,spotify:track:4vfhartd7HDWGJbdVIycEu,Sơn Tùng M-TP,Muộn Rồi Mà Sao Còn,Universal Music Indochina Distributed Labels,1,101,180,205111,9
112,spotify:track:3YctJXK6kznnWl68TnYobN,RPT MCK,Anh Đã Ổn Hơn,N0L4B3L,3,107,83,203783,9
113,spotify:track:6jcLKVmEKAQIXIVHJZ8vzS,"MONSTAR, GREY D, NICKY, VƯƠNG BÌNH",tình yêu chậm trễ,Yin Yang Media,46,104,95,198951,9
114,spotify:track:1UQNU5O9VttUgO16pxUnjw,"Obito, Shiki, RPT MCK",Đánh Đổi,12 trái lê,7,117,52,198780,9
115,spotify:track:3hqOrxH5qPlvrApcb7Ac8c,Ronboogz,Lan Man,MaiDao Music,33,106,77,197900,9
116,spotify:track:3ET3xHCLMGd57u06A9RjJ0,Ronboogz,Nói Dối,MaiDao Music,79,108,48,196163,9
117,spotify:track:4bjN59DRXFRxBE1g5ne6B1,Agust D,Haegeum,BIGHIT MUSIC,1,-1,42,193036,9
118,spotify:track:0vkExWiBJSrfWnlMC7x48b,UMIE,Không Yêu Xin Đừng Nói - Piano Version,LOOPS Music,37,105,83,191535,9
119,spotify:track:7LVrrX8pkzI9fMF88nGabt,"Đen, JustaTee",Đi Về Nhà,Đen,3,130,198,189622,9
120,spotify:track:255vSRpVq5YYKBJiem1BVx,Andree Right Hand,Chơi Như Tụi Mỹ,$maker Music,4,115,72,188017,9
121,spotify:track:5rSAUmbOg4giDrM29vUyHe,Sơn Tùng M-TP,Nơi Này Có Anh,Universal Music Indochina Distributed Labels,5,124,278,187101,9
122,spotify:track:45PPoUgqs3JrhkZGEzSUHT,"W/N, ERIK, Nau","3107 4 (feat. Erik, Nâu)",Universal Music Indochina Distributed Labels,24,118,77,184805,9
123,spotify:track:52cD79EubHFgrw4lW0AnGB,"ANH TRAI ""SAY HI"", Dương Domic, Anh Tú Atus, Song Luân, Quang Trung, Anh Tú","BAO LỜI CON CHƯA NÓI (feat. Dương Domic, Anh Tú Atus, Song Luân, Quang Trung & Anh Tú)",Anh Trai Say Hi,59,145,7,184176,9
124,spotify:track:3qllaNK66kKxX123f0eKpj,Vũ.,Mùa Mưa Ấy,WM Vietnam,124,-1,1,181550,9
125,spotify:track:4h3K653rm69JYWpO4du2BJ,Andiez,Chờ Đợi Có Đáng Sợ,Yin Yang Media,76,126,120,180715,9
126,spotify:track:1R1AFI3iNOYr0pGHwjFQBG,B Ray,Cao Ốc 20,Great Entertainment,109,129,25,179520,9
127,spotify:track:65cM1nyMf9pFDZVV8xmPX9,GREY D,dự báo thời tiết hôm nay mưa,M Music Records,7,160,98,178467,9
128,spotify:track:5KaZWNVmNQlqM8LdENnxuL,Thanh Hưng,Lao Tâm Khổ Tứ,LOOPS Music,122,122,8,178330,9
129,spotify:track:5xuaCJaNAqRLwV7OO5zPiF,"W/N, Duongg, Nâu",3 1 0 7 (feat. Duongg & Nâu),"HONG AN ENTERTAIMENT,.JSC",11,123,217,177186,9
130,spotify:track:3b34161QoxLwsqhWSPy9i5,Da LAB,Thanh Xuân,Sony Music Entertainment,1,135,319,177016,9
131,spotify:track:1EmMFSLRVkOszCa4ul9z0F,"W/N, Duongg, Nau, titie",3107 3,Universal Music Indochina Distributed Labels,1,121,166,176103,9
132,spotify:track:4oGgxjxVOI69h9uOpHOzwn,Wren Evans,Để Ý,Universal Music Indochina Distributed Labels,10,120,16,175126,9
133,spotify:track:6DyotcCWPqKQT8YWireU6L,Low G,Tán Gái 505,Rap Nhà Làm,65,141,72,175029,9
134,spotify:track:4cdlZnUEuT8EYisPQkf01g,"MONO, 2pillz",Đi Tìm Tình Yêu,M Music Records,61,76,5,174202,9
135,spotify:track:3K7RddI2L8Wiv7uIbrhfLc,"The Masked Singer, Lâm Bảo Ngọc, Hứa Kim Tuyền",Rồi Em Sẽ Gặp Một Chàng Trai Khác,THE MASKED SINGER,11,128,46,173851,9
136,spotify:track:2zRzmGerfTxc2epZHgaTdh,"Ngọt, Đen",Cho Tôi Lang Thang,Ngọt,35,125,227,172094,9
137,spotify:track:1dUmmBh2nw8XzEI3au0uFs,Thịnh Suy,Chết Trong Em,InQ International,4,134,101,171544,9
138,spotify:track:7yfcQynap4xcNqnydaFw83,"SOOBIN, tlinh",Ai Mà Biết Được (feat. tlinh),WDND,9,96,15,171105,9
139,spotify:track:0ezCZF82GYZFV1W6W1os7N,"W/N, 267",id thang máy (feat. 267),W NATION,10,114,9,170681,9
140,spotify:track:6iXGivPFpsqKmrINhIbPvx,Lynk Lee,Buồn Thì Cứ Khóc Đi,Lynk Lee,10,137,249,169829,9
141,spotify:track:6xKs4CnVadRzdNZ48vhT27,Đức Phúc,Ngày Đầu Sau Chia Tay,Duc Phuc,54,140,15,169111,9
142,spotify:track:2HRqTpkrJO5ggZyyK6NPWz,Sabrina Carpenter,Espresso,Island Records,13,119,24,168657,9
143,spotify:track:25edeHHueINMguqu9emCyV,"Đen, Phương Anh Đào",Lối Nhỏ,Đen,1,151,258,168561,9
144,spotify:track:6aeU5IH8DB1qHK5jRFTNUv,"Văn Mai Hương, Negav",Hương (feat. Negav),Yin Yang Media,7,165,33,168222,9
145,spotify:track:1izPmgSW7FV6XFdEOiTvOY,"Changg, Minh Huy",Em Không Hiểu,Universal Music Indochina Distributed Labels,27,133,170,167555,9
146,spotify:track:4N99EuIjwSSFFFMDfTeOLU,"buitruonglinh, Vũ Phụng Tiên",Em Không Khóc (feat. Vũ Phụng Tiên),Yin Yang Media,62,143,102,166323,9
147,spotify:track:7paCdW3grnoEi95tjO1OkG,Thịnh Suy,Thắc Mắc?,InQ International,110,138,43,166305,9
148,spotify:track:2CFC7iLurCyDYuXQcfem2l,Quang Hùng MasterD,Thủy Triều,Quang Hùng MasterD,69,162,11,165263,9
149,spotify:track:7pqx5vF7DzkVtEdsXQ9iua,"ANH TRAI ""SAY HI"", Quân A.P, HURRYKNG, Hùng Huỳnh","ĐẦU ĐỘI SỪNG (feat. Quân A.P, HURRYKNG & Hùng Huỳnh)",Anh Trai Say Hi,48,142,12,164285,9
150,spotify:track:54PbBpquVfhfrwRwvjSXbI,"Charlie Puth, Selena Gomez",We Don't Talk Anymore (feat. Selena Gomez),Artist Partner,71,194,213,164212,9
151,spotify:track:0JKGe340YJwfDrpXqPQ8sw,Agust D,Daechwita,BIGHIT MUSIC,1,-1,22,163652,9
152,spotify:track:3z7at2LZwJsg8UvqGw3JAv,"MIN, Mr A",Có Em Chờ,MIN,142,150,17,162605,9
153,spotify:track:4NTanSVXBkQ2NmDEbr2vLE,"Kai Đinh, GREY D, Hoàng Thùy Linh",Trái đất ôm Mặt trời,Yin Yang Media,8,139,41,162316,9
154,spotify:track:01qFKNWq73UfEslI0GvumE,"Jung Kook, Jack Harlow",3D (feat. Jack Harlow),BIGHIT MUSIC,2,127,53,161219,9
155,spotify:track:4tqXSj46umlymdIxqY8zso,SOOBIN,giá như,WDND,13,132,25,160263,9
156,spotify:track:6Q2oEdOhRjZ1DTv2a7j0lN,"PC, Dick, tofutns",Ghé Qua,12 trái lê,64,147,211,158964,9
157,spotify:track:3P3rcI48wwVEgxF5vPM6pG,Sơn Tùng M-TP,Buông Đôi Tay Nhau Ra,Universal Music Indochina Distributed Labels,73,164,64,158470,9
158,spotify:track:786cTF2koRtvnQd4HZCrJi,"ANH TRAI ""SAY HI"", Dương Domic, Quang Hùng MasterD, Lou Hoàng, Song Luân, Bảo Anh","CỨ ĐỂ ANH TA RỜI ĐI (feat. Dương Domic, Quang Hùng MasterD, Lou Hoàng, Song Luân & Bảo Anh)",Anh Trai Say Hi,66,158,9,157836,9
159,spotify:track:2JuHIbFudHwDqQssgqsH3i,"Vũ Phụng Tiên, DT Tập Rap, Drum7",Lệ Lưu Ly,Big Arts Entertainment,6,144,54,156720,9
160,spotify:track:7fNHfgOxPLcg4mQLhCnOHB,"Rapital, Groovie Lã Thắng, tlinh, RPT MCK",XTC (Xích Thêm Chút) (Remix),M Music Records,87,166,170,155946,9
161,spotify:track:2kauMp3YNHXULGXyJh4321,"Wren Evans, itsnk",Phóng Đổ Tim Em,Universal Music Indochina,9,149,42,155803,9
162,spotify:track:6AH74QQxzjqTsvj7lFQoqy,"ANH TRAI ""SAY HI"", Đức Phúc",ĐOÁ PHÙ DUNG CUỐI CÙNG (feat. Đức Phúc),Anh Trai Say Hi,131,131,3,153600,9
163,spotify:track:1Qrg8KqiBpW07V7PNxwwwL,SZA,Kill Bill,Top Dawg Entertainment/RCA Records,6,170,87,153482,9
164,spotify:track:4AgFXIVT7hVhBZ5DEOaLu3,Thịnh Suy,tiny love,Yin Yang Media,3,159,148,152667,9
165,spotify:track:4g34IscInBSNfzaaaEqfZN,Quang Hùng MasterD,Đừng Vì Anh Mà Khóc,Theanh28 Entertainment,152,152,3,152276,9
166,spotify:track:3vkCueOmm7xQDoJ17W1Pm3,Mitski,My Love Mine All Mine,Dead Oceans,30,171,52,149474,9
167,spotify:track:2fDFssQASymjUb2B3XYdpf,"ANH TRAI ""SAY HI"", Dương Domic, Anh Tú Atus, Song Luân, Quang Trung, Anh Tú","ĐỀU LÀ CỦA EM (feat. Dương Domic, Anh Tú Atus, Song Luân, Quang Trung & Anh Tú)",Anh Trai Say Hi,86,161,6,149392,9
168,spotify:track:2o1pb13quMReXZqE7jWsgq,Ariana Grande,intro (end of the world),Republic Records,13,184,29,146707,9
169,spotify:track:2PYDUM2IC01FOTDLQdFxJP,"W/N, Duongg, Nau",3 1 0 7 - 2 (feat. DuongG & Nau),GUM GROUP,27,155,188,146149,9
170,spotify:track:5cml547MByVlaVrKU2lJTg,"Andree Right Hand, Wxrdie, Bình Gold, 2pillz",Em iu,$maker Music,18,169,71,145898,9
171,spotify:track:2qWP5ZarXRsdmxzz3L3BtP,"SUNI Hạ Linh, Hoàng Dũng, GREY D, Orange, tlinh",có hẹn với thanh xuân,Universal Music Indochina Distributed Labels,27,163,114,145433,9
172,spotify:track:51bYFYWODfYOZU0rwvjiCc,"Binz, Đen",Cho Mình Em,Spacespeakers,32,172,73,143582,9
173,spotify:track:2nR51wakN5K3AJENqGaNg9,"Đen, MIN",Bài Này Chill Phết,Đen,1,173,279,142720,9
174,spotify:track:38rjRVqEHSlDRrDWDvjkqW,Vũ.,Bước Qua Nhau,WM Vietnam,1,198,114,141258,9
175,spotify:track:3XEspwit4d8gwKKgeopfCv,"Sean, Lửa",Em Thích,MaiDao Music,65,156,88,140763,9
176,spotify:track:2LBqCSwhJGcFQeTHMVGwy3,The Weeknd,Die For You,Universal Republic Records,49,182,83,140507,9
177,spotify:track:79bSb2Ilugozn6VygdplEZ,Andiez,1 Phút,MaiDao Music,21,168,176,140458,9
178,spotify:track:18iADruKMXIloyA9vCJXFE,"An Vũ, Sino",Chàng Trai Bất Tử,Yin Yang Media,56,154,35,139853,9
179,spotify:track:3BwFxsC7QpRejdE9GXFQI4,"D Blue, Killic",Chỉ Còn Ta Và Ta Giữa Trời,12 trái lê,151,187,16,139848,9
180,spotify:track:7td8DTWoGC9u9db37mGHX6,"Đen, PiaLinh",Nấu ăn cho em,Đen,8,179,62,139566,9
181,spotify:track:51ZQ1vr10ffzbwIjDCwqm4,Ariana Grande,we can't be friends (wait for your love),Republic Records,17,186,30,139125,9
182,spotify:track:4Iz5EWPCAT8jYNk4IpLoll,buitruonglinh,Dù Cho Mai Về Sau,Yin Yang Media,10,193,184,138752,9
183,spotify:track:23ep27rDA9gklIzuJ6qzRD,Dương Domic,Yêu Em 2 Ngày,DAO Entertainment,174,174,2,138598,9
184,spotify:track:54UNNgtE3zzERwTuWSQLqd,"MONSTAR, GREY D, VƯƠNG BÌNH",có hẹn với thanh xuân,Yin Yang Media,5,196,165,138023,9
185,spotify:track:71Q8QWLpvwvfQ6zM5BdCnm,"2T, Văn",Liệu Giờ,LOOPS Music,22,146,213,137905,9
186,spotify:track:2ctmaWoBxLBYiZB7AKmK1D,Low G,Bảo Tàng,Nhà Hóa Học Đống Đa,33,-1,18,137796,9
187,spotify:track:3nAwC1qVqRQYiRCrp6q1dU,Winno,Say Đắm Trong Lần Đầu,MaiDao Music,142,191,54,137762,9
188,spotify:track:7sZgr8RsXkDwkmiQok691a,Thịnh Suy,Mai Mình Xa,InQ International,85,178,24,137543,9
189,spotify:track:2M2nM9t0YQoXMTnFH8AXBu,"Huỳnh Tú, Andiez",Đường Một Chiều,Huỳnh Tú,114,190,64,137460,9
190,spotify:track:3J3nv18iIrOhca1ZWNeuyW,JustaTee,Đã Lỡ Yêu Em Nhiều,NGUYEN THANH TUAN,36,185,95,136281,9
191,spotify:track:5BJqg07SKgmFnVLOBmLFvq,Bùi Anh Tuấn,"Hẹn Một Mai - From"" 4 Năm 2 Chàng 1 Tình Yêu""",Vietnam Music Award,109,175,20,135958,9
192,spotify:track:1BxfuPKGuaTgP7aM0Bbdwr,Taylor Swift,Cruel Summer,Taylor Swift,5,195,75,134842,9
193,spotify:track:7eDrdQ7PK9Xm1CZCKWsgmH,"Vũ., TRANG",Anh Nhớ Ra (feat. TRANG),WM Vietnam,19,197,79,134400,9
194,spotify:track:7h2zqUH4bYyknNUxsYnS5V,"PhucXp, Freak D",Như Anh Đã Thấy Em,MaiDao Music,33,153,93,134226,9
195,spotify:track:1sczjXEYHpbpCsaA25ZzPv,starfall,intentions,Mercury Records / Republic Records,67,167,7,133668,9
196,spotify:track:3440g8awr2l0E5Yy2X5Epk,RPT MCK,Tại Vì Sao,N0L4B3L,3,-1,104,133506,9
197,spotify:track:4YSryHqsD82Krc81l1EJD5,"tlinh, 2pillz, WOKEUP",ghệ iu dấu của em ơi,Universal Music Indochina Distributed Labels,8,-1,65,133028,9
198,spotify:track:567e29TDzLwZwfDuEpGTwo,"The Kid LAROI, Justin Bieber",STAY (with Justin Bieber),Columbia,1,-1,105,132592,9
199,spotify:track:4S0uLMXRoAjFfIJOW7A8aW,Rhymastic,Nến Và Hoa,WM Vietnam,2,-1,223,131151,9
200,spotify:track:2WOpp4vm16unl0N3i3BNNv,"NÂN, Ngơ",Tình Đắng Như Ly Cà Phê,nân,15,188,245,130427,9
1,spotify:track:2HRgqmZQC0MC7GeNuDIXHN,"Jung Kook, Latto",Seven (feat. Latto) (Explicit Ver.),BIGHIT MUSIC,1,1,68,3204169,10
2,spotify:track:7tI8dRuH2Yc6RuoTjxo4dU,Jimin,Who,BIGHIT MUSIC,1,3,15,2351773,10
3,spotify:track:2KslE17cAJNHTsI2MI0jb2,Jung Kook,Standing Next to You,BIGHIT MUSIC,1,4,51,1660061,10
4,spotify:track:5vNRhkKd0yEAg8suGBpjeY,"ROSÉ, Bruno Mars",APT.,Atlantic Records,2,2,2,1537294,10
5,spotify:track:2Qcbspnftnon37jibwyvMU,Jin,I'll Be There,BIGHIT MUSIC,5,-1,1,1433598,10
6,spotify:track:41DlPJXKTCypXdf2eSqa03,"Vũ., Binz",bình yên,WM Vietnam,4,6,9,1083566,10
7,spotify:track:3COYA2vgfcUhDyRlVpZy5p,"tlinh, Low G",PHÓNG ZÌN ZÌN,M Music Records,4,5,6,996978,10
8,spotify:track:2oVLEoBVDvYrGmzrU7dEm5,"ANH TRAI ""SAY HI"", Dương Domic",TRÀN BỘ NHỚ (feat. Dương Domic),Anh Trai Say Hi,5,7,8,925029,10
9,spotify:track:2plbrEY59IikOBgBGLjaoe,"Lady Gaga, Bruno Mars",Die With A Smile,Interscope,4,9,11,897011,10
10,spotify:track:7fCeYpR02Q8JVuD88hJZVT,"Da LAB, Minh Tốc & Lam",Bầu Trời Mới,Universal Music Indochina Distributed Labels,8,8,4,877616,10
11,spotify:track:3uT8QfoX0BE8ZJa4h98LDW,"Puppy, Dangrangto",Wrong Times,MaiDao Music,11,11,52,824679,10
12,spotify:track:4nXrVH5xwN1w6TpmP7uu8n,"HIEUTHUHAI, marzuz",Exit Sign,M Music Records,8,10,55,807376,10
13,spotify:track:2N0SPREDYqILVEFSsWF5N5,V,Love Me Again,BIGHIT MUSIC,2,24,64,747107,10
14,spotify:track:4fj4Jn4nw8fGX8xdbCntJf,"CoolKid, RHYDER",Sau Cơn Mưa,MaiDao Music,8,16,61,731169,10
15,spotify:track:2GE2p2dFpxp7OIz2QOFBzW,"ANH TRAI ""SAY HI"", HURRYKNG, HIEUTHUHAI, Negav, Pháp Kiều, Isaac","KIM PHÚT, KIM GIỜ (feat. HURRYKNG, HIEUTHUHAI, Negav, Pháp Kiều & Isaac)",Anh Trai Say Hi,5,14,10,723032,10
16,spotify:track:446ygEWkggc5FMbBPQSMuM,"ANH TRAI ""SAY HI"", HIEUTHUHAI, Dương Domic, Song Luân, JSOL, Trần Đăng Dương","SAO HẠNG A (feat. HIEUTHUHAI, Dương Domic, Song Luân, Jsol & Trần Đăng Dương)",Anh Trai Say Hi,7,13,7,695699,10
17,spotify:track:7gSQxwCpEMjg8wb6Y3oqe7,"ANH TRAI ""SAY HI"", RHYDER, Dương Domic, Pháp Kiều","HÀO QUANG (feat. RHYDER, Dương Domic & Pháp Kiều)",Anh Trai Say Hi,6,17,16,688632,10
18,spotify:track:3ZbZtdEw9U0uZW4tZItIwq,"RHYDER, CoolKid, BAN",Chịu Cách Mình Nói Thua,RHYDER,6,21,49,673928,10
19,spotify:track:4eeflgjzTF8xN8U2E0dech,"Dangrangto, TeuYungBoy, DONAL",NGỰA Ô,Higher Dimension,15,15,4,669891,10
20,spotify:track:1K0HQ30Wc11okzlcnFA7Ub,HIEUTHUHAI,Không Thể Say,M Music Records,7,20,80,648418,10
21,spotify:track:31VNCmwspR7nVJ6kruUuJt,Sơn Tùng M-TP,Đừng Làm Trái Tim Anh Đau,Universal Music Indochina Distributed Labels,1,19,21,621186,10
22,spotify:track:0e6fZkLArSmDIHnZcIua7t,"Vũ., Low G",Không Yêu Em Thì Yêu Ai?,WM Vietnam,22,25,5,608197,10
23,spotify:track:26zqmmkqUK6mCc87XDzPym,"ANH TRAI ""SAY HI"", RHYDER, Captain, Quang Hùng MasterD, WEAN, Ali Hoàng Dương","CHÂN THÀNH (feat. RHYDER, Captain, Quang Hùng MasterD, WEAN & Ali Hoàng Dương)",Anh Trai Say Hi,14,27,11,533106,10
24,spotify:track:0SLzsfxED15vyUccX4bCqo,"tlinh, Low G",HOP ON DA SHOW,M Music Records,5,18,7,529356,10
25,spotify:track:3Nn9QjxOEj1pleW9xTG6cq,"ANH TRAI ""SAY HI"", Quang Hùng MasterD, Negav, Pháp Kiều, ERIK","TÌNH ĐẦU QUÁ CHÉN (feat. Quang Hùng MasterD, Negav, Pháp Kiều & Erik)",Anh Trai Say Hi,13,23,7,527780,10
26,spotify:track:2CspwnypzT7rcWI9RfsoSb,JENNIE,Mantra,OA Entertainment/Columbia,6,12,3,526029,10
27,spotify:track:0BX2eDMZJrGzApf4ZGXrFi,"ANH TRAI ""SAY HI"", HIEUTHUHAI, ERIK, Anh Tú Atus, JSOL, Orange","NGÁO NGƠ (feat. HIEUTHUHAI, ERIK, Anh Tú Atus, JSOL & Orange)",Anh Trai Say Hi,6,22,13,525817,10
28,spotify:track:5oFEvbM7lGnx8jfAkuhVyo,"AMEE, RPT MCK",MỘNG YU,Yin Yang Media,3,26,13,522406,10
29,spotify:track:0s7RyyUlQfd8mnnboHe18n,"MANBO, HIEUTHUHAI, HURRYKNG",Hẹn Gặp Em Dưới Ánh Trăng,Gerdnang,22,28,33,506833,10
30,spotify:track:40pWxpbXoBYGPCiofujjZ6,MONO,Chăm Hoa,M Music Records,30,-1,1,476135,10
31,spotify:track:3JIfmjJbanxJkwaPzYa2gN,"ANH TRAI ""SAY HI"", Quân A.P, Pháp Kiều, Quang Trung, Ali Hoàng Dương, Lâm Bảo Ngọc","REGRET (feat. Quân A.P, Pháp Kiều, Quang Trung, Ali Hoàng Dương & Lâm Bảo Ngọc)",Anh Trai Say Hi,5,29,13,464536,10
32,spotify:track:4CUvVaAYuXtvYURLFz7EIL,"Emcee L (Da LAB), Da LAB, Muộii (Starry Night)",Chuyện Đôi Ta (feat. Muộii),Yin Yang Media,3,30,152,452999,10
33,spotify:track:1LJyhnPdYGRLerwJd8CmL1,"Vũ., Dear Jane",Những Lời Hứa Bỏ Quên,WM Vietnam,1,38,46,447627,10
34,spotify:track:7tFwBnuaGXqiiONukPRaCo,Minh Huy,Miên Man,LOOPS Music,11,33,61,447290,10
35,spotify:track:6VXVYATpQXEIoZ97NnWCmn,"Madihu, Vũ.",Vì Anh Đâu Có Biết,WM Vietnam,2,36,117,441238,10
36,spotify:track:7Cnpb1vBbC46RgVyyKLH7p,aespa,Whiplash,SM Entertainment,36,92,2,438344,10
37,spotify:track:6D94p9ASguBcYlDC0o56vx,HIEUTHUHAI,NOLOVENOLIFE,M Music Records,24,37,55,427620,10
38,spotify:track:0HAfl1uPBf5qTMiuAi6Ym7,"Captain, RHYDER",Ừ Thì Chia Tay (feat. RHYDER),Great Entertainment,38,-1,1,423305,10
39,spotify:track:5ECHJ1llWBNYLVCYrllD3x,"Da LAB, Phương Ly",Chạy Khỏi Thế Giới Này,LOOPS Music,11,32,122,412462,10
40,spotify:track:4gaxEUZE4z9pJAVTSFwgQI,"14 Casper, Bon Nghiêm, buitruonglinh",một đời,DANDERLÉON,28,31,31,409046,10
41,spotify:track:4qYfRfSxsmhJ1WMaywtLyI,"Wren Evans, itsnk",Từng Quen,Universal Music Indochina,1,44,53,407090,10
42,spotify:track:1o6cYDMHvKOfizi4d9Lqxr,W/N,id 072019,Universal Music Indochina Distributed Labels,3,45,66,406982,10
43,spotify:track:4jWmhzf53Q0ZvZMuGdiR9x,"WEAN, tlinh",shhhhhhh..,WEAN,9,39,56,403110,10
44,spotify:track:3yDRcs0Y4pPzkvMbUfeF9H,LISA,Moonlit Floor (Kiss Me),Lloud Co./RCA Records,34,34,4,402701,10
45,spotify:track:4exlWP8cokkWVCvyP3kg7c,"tlinh, 2pillz",nếu lúc đó,Universal Music Indochina Distributed Labels,1,46,87,393578,10
46,spotify:track:1J12HjUuXfJnaUdubTEzSR,HIEUTHUHAI,Nghe Như Tình Yêu,M Music Records,39,47,163,393235,10
47,spotify:track:7Cjsw965r7mVK888ZqP6Wo,Negav,Mình Anh Thôi,MIXUS,18,43,8,388491,10
48,spotify:track:2uZmeuNAxSm7XfVIwLkhCx,Ronboogz,nhắn nhủ,MaiDao Music,14,48,46,381570,10
49,spotify:track:5J3m0taZ0W1E9HTE0MwcSv,Low G,Simp Gái 808,Rap Nhà Làm,9,41,55,374003,10
50,spotify:track:4WZf4gJ2MvBec6XPdUiqcq,"ANH TRAI ""SAY HI"", RHYDER, Jmi Ko","ANH BIẾT RỒI (feat. Rhyder, Jmi Ko)",Anh Trai Say Hi,15,42,9,373823,10
51,spotify:track:4HgTGTXHt1zie3upsI50zm,Ngô Lan Hương,Đi Giữa Trời Rực Rỡ (Original Soundtrack from “Đi Giữa Trời Rực Rỡ”),SK Pictures,34,40,10,363389,10
52,spotify:track:5T6j0rfpCDBzAxC8Fpd0N7,"Low G, Thắng",An Thần,Rap Nhà Làm,2,54,158,360676,10
53,spotify:track:5BTzf3doGTigDIYUFtbkI9,"Emcee L (Da LAB), Da LAB, Badbies",Sinh Ra Đã Là Thứ Đối Lập Nhau (feat. Badbies),Yin Yang Media,5,53,201,357062,10
54,spotify:track:7kKu4NWeBh01I6aTIEP9bg,"ANH TRAI ""SAY HI"", Quang Hùng MasterD",TRÓI EM LẠI (feat. Quang Hùng MasterD),Anh Trai Say Hi,27,49,8,356710,10
55,spotify:track:07d8eaOuAWdC0DANq3tdPd,"ANH TRAI ""SAY HI"", HIEUTHUHAI",QUAY ĐI QUAY LẠI (feat. HIEUTHUHAI),Anh Trai Say Hi,14,35,9,345740,10
56,spotify:track:2a5hng9yXtbjtTVVm9UviC,Vũ Cát Tường,Mơ,Universal Music Indochina Distributed Labels,21,57,114,339399,10
57,spotify:track:2xOhv7XudrBDtkID1jwsFE,Vũ Cát Tường,Từng Là,Universal Music Indochina Distributed Labels,2,50,35,330358,10
58,spotify:track:7mbWwlHgukuuW8r7Nc3FHv,"Chọn gì? Chọn đi!, OgeNus, PiaLinh",Say Yes (Vietnamese Version),MaiDao Music,30,51,8,329677,10
59,spotify:track:65aTHDZWUdh6WIafu9MtNF,"HIEUTHUHAI, Negav, Kewtiie",ngủ một mình (tình rất tình),M Music Records,2,59,98,329060,10
60,spotify:track:3DLtPObflLQBodZN8qGODT,"JustaTee, BigDaddy",2AM,WM Vietnam,18,63,131,328631,10
61,spotify:track:2naHX4cacns359w3ugyt3P,"RAP VIỆT, Dangrangto",ĐÂU PHẢI VỢ ANH (feat. Dangrangto),DAT VIET VAC,61,75,2,327981,10
62,spotify:track:3a2Oftcs10wtzw6AmxuTMU,Olew,Rồi Ta Sẽ Ngắm Pháo Hoa Cùng Nhau,LOOPS Music,8,52,93,322154,10
63,spotify:track:78lw4wahFNotXb0mOEtPkM,WEAN,BADBYE,WEAN,20,55,36,315778,10
64,spotify:track:3OVMe3H6iAxbLF8iD2UYrw,Sơn Tùng M-TP,Chúng Ta Của Tương Lai,Universal Music Indochina Distributed Labels,1,58,34,310136,10
65,spotify:track:3Alwi53Ahc2GwHgvel42b2,Lou Hoàng,Ngày Đẹp Trời Để Nói Chia Tay,WM Vietnam,4,67,20,309083,10
66,spotify:track:5YiNxgEQQTuFi5dKLxxjWm,"ANH TRAI ""SAY HI"", Quang Hùng MasterD, Negav, Công Dương, NICKY","CATCH ME IF YOU CAN (feat. Quang Hùng MasterD, Negav, Công Dương & Nicky)",Anh Trai Say Hi,11,61,17,308403,10
67,spotify:track:5PGh9MyKry8slG5AfvD1eD,"Obito, Shiki, VSTRA",Hà Nội,12 trái lê,10,60,56,301559,10
68,spotify:track:2dPJtlvoa3GDowCh035M8P,Vũ.,Nếu Những Tiếc Nuối,WM Vietnam,47,56,5,297716,10
69,spotify:track:1MiJk3dXC5jzhvLFP0dUM7,Da LAB,Thức Giấc,Yin Yang Media,1,71,173,291624,10
70,spotify:track:3LWVXp636uLT356Rj08Jaz,Jimin,Be Mine,BIGHIT MUSIC,7,65,15,285491,10
71,spotify:track:2wZAvkgiOE5tyrnqhB69KA,Sơn Tùng M-TP,Âm Thầm Bên Em,Universal Music Indochina Distributed Labels,34,78,210,284207,10
72,spotify:track:226ljdOTLM2clGpm4mZvAm,Dangrangto,Love is,MaiDao Music,72,-1,1,283711,10
73,spotify:track:5iZHnufFUgATzrpGgH1K0W,T.R.I,Ánh Sao Và Bầu Trời,Yin Yang Media,1,73,156,279671,10
74,spotify:track:7jLSThU5Kg1RWt19Leiaxm,"RPT MCK, Trung Trần",Chìm Sâu,N0L4B3L,1,70,140,277628,10
75,spotify:track:0PBTlQ84CBJF0tBnKGmQa6,V,FRI(END)S,BIGHIT MUSIC,1,86,33,272105,10
76,spotify:track:7kgzRBNkBRArtTPkYjWLYT,"14 Casper, Bon Nghiêm",bao tiền một mớ bình yên?,DANDERLÉON,9,68,184,270415,10
77,spotify:track:1xoadYaxtOp9gHDwgmPDuz,"JSOL, Hoàng Duyên",Sài Gòn Hôm Nay Mưa,Universal Music Indochina,3,91,179,266123,10
78,spotify:track:6KgZf5gZgF1KLNxq1qZgHP,Phương Ly,Anh Là Ngoại Lệ Của Em,WM Vietnam,7,87,56,263756,10
79,spotify:track:1J3SmWwlYAG68LGKr86MVH,Sơn Tùng M-TP,Chúng Ta Của Hiện Tại,Universal Music Indochina Distributed Labels,1,84,202,263312,10
80,spotify:track:6uxuJ8Fr1AAfSPJUF9N1yr,Vũ.,Bước Qua Mùa Cô Đơn,WM Vietnam,1,88,203,262662,10
81,spotify:track:1GJ3suxtUVaguVQRemw6Zp,Andiez,Suýt Nữa Thì...,MaiDao Music,74,81,121,261068,10
82,spotify:track:0fGJiHH6xSUJU1MAVjxq5m,"Karik, GDucky",Bạn Đời,WM Vietnam,5,98,57,260245,10
83,spotify:track:33S16Xa5cZmLPhn6eZI4Nm,"52Hz, WEAN, RIO",ĐỢI (SPECIAL VERSION) [ft. WEAN],DAO Entertainment,83,101,14,259855,10
84,spotify:track:27Z9T0mSWHYWSj9SNOGvyt,"JustaTee, Phương Ly",Thằng Điên,NGUYEN THANH TUAN,2,72,117,258630,10
85,spotify:track:5PLjpBivzvuaIIqqkQgnRK,"GREY D, tlinh",vaicaunoicokhiennguoithaydoi,M Music Records,2,62,124,257562,10
86,spotify:track:4OXAneZHFJyQV1RuzCzmH3,"VSOUL, RPT MCK, Obito, Ronboogz, Boyzed","Buồn Hay Vui (feat. RPT MCK, Obito, Ronboogz & Boyzed)",12 trái lê,3,90,45,256227,10
87,spotify:track:6f7M5UzYYeLFCMIBQhxk2J,Rhymastic,Lặng,Universal Music Indochina Distributed Labels,7,76,17,253741,10
88,spotify:track:1zzCiwKpbS6zNC3OAdejd2,"ANH TRAI ""SAY HI"", RHYDER, WEAN, Đức Phúc, Hùng Huỳnh, tlinh","I'M THINKING ABOUT YOU (feat. RHYDER, WEAN, Đức Phúc, Hùng Huỳnh & tlinh)",Anh Trai Say Hi,15,89,12,253427,10
89,spotify:track:0QzuaeCEEOV40Pn7IvKEny,Dhruv,double take,Little Worry/RCA Records,8,80,182,249643,10
90,spotify:track:4pygz13A6EcLL6ti7kqGaf,Jin,Super Tuna,BIGHIT MUSIC,42,-1,2,249267,10
91,spotify:track:7CyPwkp0oE8Ro9Dd5CUDjW,"The Weeknd, JENNIE, Lily-Rose Depp","One Of The Girls (with JENNIE, Lily Rose Depp)",XO / Republic Records,11,79,71,249247,10
92,spotify:track:5C1O3fpMsiisJpHiB1uuDf,"52Hz, RIO",ĐỢI (Prod. RIO),DAO Entertainment,13,83,43,247899,10
93,spotify:track:3A9A7mfVDVm3rrS9SMGhg5,Kha,Hư không,MaiDao Music,22,94,42,246235,10
94,spotify:track:4qJSUFwZFouto5VZUlln75,"tlinh, Trung Trần",Thích Quá Rùi Nà,Universal Music Indochina Distributed Labels,34,99,215,244756,10
95,spotify:track:6dOtVTDdiauQNBQEDOtlAB,Billie Eilish,BIRDS OF A FEATHER,Darkroom/Interscope Records,63,82,24,243388,10
96,spotify:track:0gzpqwLf1jhNjnSJEyweAX,"Kuun Đức Nam, Linh Thộn",Tình cờ yêu em,MaiDao Music,12,97,62,242346,10
97,spotify:track:5Bti0azlFhMattVY76qFr9,Vũ.,Lạ Lùng,WM Vietnam,17,96,343,240407,10
98,spotify:track:3YctJXK6kznnWl68TnYobN,RPT MCK,Anh Đã Ổn Hơn,N0L4B3L,3,102,87,236034,10
99,spotify:track:5sGAdzerznua6nkFZr4jW6,"RAP VIỆT, Gill",TUYẾT TRÊN PHỐ (feat. Gill),DAT VIET VAC,69,85,4,234781,10
100,spotify:track:01qFKNWq73UfEslI0GvumE,"Jung Kook, Jack Harlow",3D (feat. Jack Harlow),BIGHIT MUSIC,2,69,57,233889,10
101,spotify:track:2pm7K14nHj2fLrpU8j9bit,PC,10 Ngàn Năm,12 trái lê,27,105,125,232666,10
102,spotify:track:3ukrFH17Zl6iEZ2QJ1Zwiy,"RPT Orijinn, Ronboogz",Don't Côi,Rapital,3,100,97,225327,10
103,spotify:track:0h7QMc9ZRzA9QJrbEHytn2,Jin,The Astronaut,BIGHIT MUSIC,1,-1,24,225151,10
104,spotify:track:5TtNxUZBjYR4wgzOpHpS7h,"ANH TRAI ""SAY HI"", HIEUTHUHAI, JSOL, Ali Hoàng Dương, Vũ Thịnh","LOVE SAND (feat. HIEUTHUHAI, JSOL, Ali Hoàng Dương & Vũ Thịnh)",Anh Trai Say Hi,23,109,17,223372,10
105,spotify:track:7LVrrX8pkzI9fMF88nGabt,"Đen, JustaTee",Đi Về Nhà,Đen,3,107,202,223050,10
106,spotify:track:0vkExWiBJSrfWnlMC7x48b,UMIE,Không Yêu Xin Đừng Nói - Piano Version,LOOPS Music,37,95,87,221603,10
107,spotify:track:5J90ah0ppUSev1uahqQiN6,"Andiez, AMEE",Anh Đánh Rơi Người Yêu Này,MaiDao Music,19,77,104,221354,10
108,spotify:track:1TcmqSx576eBcuTxTtcEAk,"tlinh, Low G",NGÂN,M Music Records,42,74,6,220553,10
109,spotify:track:44sYmL97Lv8mEbzgANFkPD,"NICKY, AMEE",thật quá đáng.. để yêu,Yin Yang Media,109,153,3,220032,10
110,spotify:track:28bxbqNcAuNxYDZYet6eZ7,"RPT MCK, tlinh",Chỉ Một Đêm Nữa Thôi,N0L4B3L,9,108,87,219038,10
111,spotify:track:5OrpSDeWfWr33q0a5Ydfhr,"Cường Seven, Phan Đinh Tùng, Bằng Kiều, Jun Phạm, Tự Long, Trương Thế Vinh, Tuấn Hưng, SOOBIN, S.T Sơn Thạch, Kay Trần, BB Trần, (S)TRONG, Kiên Ứng",MẸ YÊU CON,Universal Music Indochina Distributed Labels,111,166,2,216443,10
112,spotify:track:1EmMFSLRVkOszCa4ul9z0F,"W/N, Duongg, Nau, titie",3107 3,Universal Music Indochina Distributed Labels,1,104,170,215712,10
113,spotify:track:65cM1nyMf9pFDZVV8xmPX9,GREY D,dự báo thời tiết hôm nay mưa,M Music Records,7,103,102,215180,10
114,spotify:track:0hiQvlWSSTr7n1kc1X2Lus,"HIEUTHUHAI, Harmonie",Bật Nhạc Lên,GERDNANG,59,111,208,214482,10
115,spotify:track:4vfhartd7HDWGJbdVIycEu,Sơn Tùng M-TP,Muộn Rồi Mà Sao Còn,Universal Music Indochina Distributed Labels,1,119,184,213421,10
116,spotify:track:6kCU6i8iRrAAmJJ8Sj4JYC,"Shartnuss, Tr.D, Phankeo",Nắng có mang em về,MaiDao Music,44,106,38,212341,10
117,spotify:track:6r5o9yIc16ZvymXUKJQ1yy,W/N,2 4,W NATION,8,66,13,210188,10
118,spotify:track:5tdz7T4hTxA1ipJMBe24uX,AMEE,"ex's hate me, Pt.2",Yin Yang Media,13,123,106,209594,10
119,spotify:track:1UQNU5O9VttUgO16pxUnjw,"Obito, Shiki, RPT MCK",Đánh Đổi,12 trái lê,7,120,56,209382,10
120,spotify:track:2o4dDfLK6NVI7TjBm5VoMv,"Lou Hoàng, Miu Lê",Yêu Một Người Có Lẽ,Onlyc Entertainment,33,115,149,208061,10
121,spotify:track:2CFC7iLurCyDYuXQcfem2l,Quang Hùng MasterD,Thủy Triều,Quang Hùng MasterD,69,112,15,207738,10
122,spotify:track:6Hs2xIgB8nzyGFDvVA8lFa,"Madihu, Low G",Có Em,NGUYEN CHI PHONG,4,110,132,206849,10
123,spotify:track:3ET3xHCLMGd57u06A9RjJ0,Ronboogz,Nói Dối,MaiDao Music,79,113,52,204238,10
124,spotify:track:3b34161QoxLwsqhWSPy9i5,Da LAB,Thanh Xuân,Sony Music Entertainment,1,121,323,203087,10
125,spotify:track:5rSAUmbOg4giDrM29vUyHe,Sơn Tùng M-TP,Nơi Này Có Anh,Universal Music Indochina Distributed Labels,5,144,282,202950,10
126,spotify:track:2pn8dNVSpYnAtlKFC8Q0DJ,ROSÉ,On The Ground,YG Entertainment,1,64,93,202003,10
127,spotify:track:5xuaCJaNAqRLwV7OO5zPiF,"W/N, Duongg, Nâu",3 1 0 7 (feat. Duongg & Nâu),"HONG AN ENTERTAIMENT,.JSC",11,122,221,200073,10
128,spotify:track:7paCdW3grnoEi95tjO1OkG,Thịnh Suy,Thắc Mắc?,InQ International,110,114,47,198405,10
129,spotify:track:3hqOrxH5qPlvrApcb7Ac8c,Ronboogz,Lan Man,MaiDao Music,33,117,81,197619,10
130,spotify:track:5LQpQ6SDeaz6SIkR0lvsoC,"GREY D, Chillies",đưa em về nhàa,M Music Records,3,135,80,196085,10
131,spotify:track:0RKggS4he8LozKqMv09IrM,"ANH TRAI ""SAY HI"", HURRYKNG, HIEUTHUHAI, Negav, Pháp Kiều, Isaac","WALK (feat. HURRYKNG, HIEUTHUHAI, Negav, Pháp Kiều & Isaac)",Anh Trai Say Hi,41,138,11,193258,10
132,spotify:track:4N99EuIjwSSFFFMDfTeOLU,"buitruonglinh, Vũ Phụng Tiên",Em Không Khóc (feat. Vũ Phụng Tiên),Yin Yang Media,62,141,106,192728,10
133,spotify:track:54PbBpquVfhfrwRwvjSXbI,"Charlie Puth, Selena Gomez",We Don't Talk Anymore (feat. Selena Gomez),Artist Partner,71,132,217,192462,10
134,spotify:track:12bcCsDriq4kuXeC6egRUT,"Vũ., Hà Anh Tuấn",Dành Hết Xuân Thì Để Chờ Nhau,WM Vietnam,13,130,29,192344,10
135,spotify:track:0A0oqleZkyD8FN6aW48Jzn,Khiem,Yên Bình Có Quá Đắt Không,Universal Music Indochina Distributed Labels,12,118,17,191890,10
136,spotify:track:4h3K653rm69JYWpO4du2BJ,Andiez,Chờ Đợi Có Đáng Sợ,Yin Yang Media,76,129,124,191685,10
137,spotify:track:1izPmgSW7FV6XFdEOiTvOY,"Changg, Minh Huy",Em Không Hiểu,Universal Music Indochina Distributed Labels,27,116,174,191411,10
138,spotify:track:6Q2oEdOhRjZ1DTv2a7j0lN,"PC, Dick, tofutns",Ghé Qua,12 trái lê,64,146,215,191303,10
139,spotify:track:3TBZ2VchMRulZU8SbJx0Sc,"Rocky CDE, Dangrangto, VCC Left Hand",Việc Nên Làm,MaiDao Music,133,133,4,189088,10
140,spotify:track:5KaZWNVmNQlqM8LdENnxuL,Thanh Hưng,Lao Tâm Khổ Tứ,LOOPS Music,122,134,12,188691,10
141,spotify:track:4Iz5EWPCAT8jYNk4IpLoll,buitruonglinh,Dù Cho Mai Về Sau,Yin Yang Media,10,152,188,188423,10
142,spotify:track:3nOQ8LlNDS2U9vohMlBWJq,"SIXTYUPTOWN, Dangrangto, Lu, Rem",Girl Hà Nội,DetentionRoom,134,151,7,183834,10
143,spotify:track:255vSRpVq5YYKBJiem1BVx,Andree Right Hand,Chơi Như Tụi Mỹ,$maker Music,4,124,76,183820,10
144,spotify:track:2JuHIbFudHwDqQssgqsH3i,"Vũ Phụng Tiên, DT Tập Rap, Drum7",Lệ Lưu Ly,Big Arts Entertainment,6,162,58,183195,10
145,spotify:track:4tqXSj46umlymdIxqY8zso,SOOBIN,giá như,WDND,13,154,29,182108,10
146,spotify:track:5XfGQZA0ioQAWUjlyJRcHc,"Shiki, Obito",1000 Ánh Mắt,12 trái lê,8,140,18,180771,10
147,spotify:track:2HRqTpkrJO5ggZyyK6NPWz,Sabrina Carpenter,Espresso,Island Records,13,147,28,180359,10
148,spotify:track:3QjcsqERv4IfmopRvXFoWB,"tlinh, Low G",DÂU TẰM,M Music Records,65,125,6,178936,10
149,spotify:track:25edeHHueINMguqu9emCyV,"Đen, Phương Anh Đào",Lối Nhỏ,Đen,1,143,262,177150,10
150,spotify:track:71Q8QWLpvwvfQ6zM5BdCnm,"2T, Văn",Liệu Giờ,LOOPS Music,22,142,217,177112,10
151,spotify:track:6P7xEmk7ZZYz0AV84uOwiW,AMEE,Cuộc gọi lúc nửa đêm,Yin Yang Media,11,126,13,175634,10
152,spotify:track:3K7RddI2L8Wiv7uIbrhfLc,"The Masked Singer, Lâm Bảo Ngọc, Hứa Kim Tuyền",Rồi Em Sẽ Gặp Một Chàng Trai Khác,THE MASKED SINGER,11,155,50,175109,10
153,spotify:track:3qllaNK66kKxX123f0eKpj,Vũ.,Mùa Mưa Ấy,WM Vietnam,79,128,5,174931,10
154,spotify:track:7fNHfgOxPLcg4mQLhCnOHB,"Rapital, Groovie Lã Thắng, tlinh, RPT MCK",XTC (Xích Thêm Chút) (Remix),M Music Records,87,158,174,174739,10
155,spotify:track:5cml547MByVlaVrKU2lJTg,"Andree Right Hand, Wxrdie, Bình Gold, 2pillz",Em iu,$maker Music,18,167,75,173341,10
156,spotify:track:2n00rcPaXcWfFB9irOKOmh,Ronboogz,Anh Chỉ Muốn,MaiDao Music,77,127,42,172746,10
157,spotify:track:3z7at2LZwJsg8UvqGw3JAv,"MIN, Mr A",Có Em Chờ,MIN,139,150,21,172666,10
158,spotify:track:3ER1r0HipeSSu7YNImC6vd,"Wxrdie, Marlykid, Lucin3x",Bước Za Đi Xa,Universal Music Indochina Distributed Labels,61,139,6,172506,10
159,spotify:track:6xKs4CnVadRzdNZ48vhT27,Đức Phúc,Ngày Đầu Sau Chia Tay,Duc Phuc,54,163,19,170570,10
160,spotify:track:38rjRVqEHSlDRrDWDvjkqW,Vũ.,Bước Qua Nhau,WM Vietnam,1,174,117,169569,10
161,spotify:track:1R1AFI3iNOYr0pGHwjFQBG,B Ray,Cao Ốc 20,Great Entertainment,109,136,29,169389,10
162,spotify:track:4cdlZnUEuT8EYisPQkf01g,"MONO, 2pillz",Đi Tìm Tình Yêu,M Music Records,61,-1,8,169086,10
163,spotify:track:51bYFYWODfYOZU0rwvjiCc,"Binz, Đen",Cho Mình Em,Spacespeakers,32,179,77,166881,10
164,spotify:track:2kauMp3YNHXULGXyJh4321,"Wren Evans, itsnk",Phóng Đổ Tim Em,Universal Music Indochina,9,145,46,166612,10
165,spotify:track:3P3rcI48wwVEgxF5vPM6pG,Sơn Tùng M-TP,Buông Đôi Tay Nhau Ra,Universal Music Indochina Distributed Labels,73,148,68,166589,10
166,spotify:track:4NTanSVXBkQ2NmDEbr2vLE,"Kai Đinh, GREY D, Hoàng Thùy Linh",Trái đất ôm Mặt trời,Yin Yang Media,8,185,45,165662,10
167,spotify:track:6IHLOkgZftkcqS3fM0jMCT,"MONO, Onionn.",Em Xinh,M Music Records,10,192,38,165575,10
168,spotify:track:2dHoVW9AxJVSRebPRyV2aA,ROSÉ,Gone,YG Entertainment,2,93,128,164492,10
169,spotify:track:6iXGivPFpsqKmrINhIbPvx,Lynk Lee,Buồn Thì Cứ Khóc Đi,Lynk Lee,10,149,253,163762,10
170,spotify:track:1dUmmBh2nw8XzEI3au0uFs,Thịnh Suy,Chết Trong Em,InQ International,4,161,105,163332,10
171,spotify:track:5O2P9iiztwhomNh8xkR9lJ,One Direction,Night Changes,Syco Music,160,160,2,162271,10
172,spotify:track:2zRzmGerfTxc2epZHgaTdh,"Ngọt, Đen",Cho Tôi Lang Thang,Ngọt,35,172,231,161563,10
173,spotify:track:3J3nv18iIrOhca1ZWNeuyW,JustaTee,Đã Lỡ Yêu Em Nhiều,NGUYEN THANH TUAN,36,176,99,161099,10
174,spotify:track:45PPoUgqs3JrhkZGEzSUHT,"W/N, ERIK, Nau","3107 4 (feat. Erik, Nâu)",Universal Music Indochina Distributed Labels,24,137,81,160451,10
175,spotify:track:5kJMW3pK49PvQDtpVryHf5,JustaTee,Forget About Her,Spacespeakers,31,157,12,160419,10
176,spotify:track:2nR51wakN5K3AJENqGaNg9,"Đen, MIN",Bài Này Chill Phết,Đen,1,-1,282,159975,10
177,spotify:track:2WOpp4vm16unl0N3i3BNNv,"NÂN, Ngơ",Tình Đắng Như Ly Cà Phê,nân,15,184,249,159877,10
178,spotify:track:4g34IscInBSNfzaaaEqfZN,Quang Hùng MasterD,Đừng Vì Anh Mà Khóc,Theanh28 Entertainment,152,168,7,158461,10
179,spotify:track:7j3XQm7RR8T2EzaYtYK4rc,"W/N, Tezzy, Tien",Crush 2,RioX Records,51,131,123,158191,10
180,spotify:track:52cD79EubHFgrw4lW0AnGB,"ANH TRAI ""SAY HI"", Dương Domic, Anh Tú Atus, Song Luân, Quang Trung, Anh Tú","BAO LỜI CON CHƯA NÓI (feat. Dương Domic, Anh Tú Atus, Song Luân, Quang Trung & Anh Tú)",Anh Trai Say Hi,59,159,11,157347,10
181,spotify:track:7eDrdQ7PK9Xm1CZCKWsgmH,"Vũ., TRANG",Anh Nhớ Ra (feat. TRANG),WM Vietnam,19,183,83,157310,10
182,spotify:track:7AD5F85waSb3yZxZxEXhJM,"Tóc Tiên, Touliver",Có Ai Thương Em Như Anh,Yin Yang Media,20,170,121,155658,10
183,spotify:track:21LtZQQMQYwVIxc9O9Ygq8,ILLIT,Cherish (My Love),BELIFT LAB,183,-1,1,154746,10
184,spotify:track:1Qrg8KqiBpW07V7PNxwwwL,SZA,Kill Bill,Top Dawg Entertainment/RCA Records,6,188,91,154736,10
185,spotify:track:2PYDUM2IC01FOTDLQdFxJP,"W/N, Duongg, Nau",3 1 0 7 - 2 (feat. DuongG & Nau),GUM GROUP,27,178,192,154582,10
186,spotify:track:79bSb2Ilugozn6VygdplEZ,Andiez,1 Phút,MaiDao Music,21,197,180,153147,10
187,spotify:track:0X28PqBpbQhWdi4usYw0w5,"Wren Evans, itsnk",Tò Te Tí,Universal Music Indochina,3,165,42,152702,10
188,spotify:track:7h2zqUH4bYyknNUxsYnS5V,"PhucXp, Freak D",Như Anh Đã Thấy Em,MaiDao Music,33,182,96,152147,10
189,spotify:track:3QD2NfLEIvMRbzv2uTu4B7,Myra Trần,Anh Chưa Thương Em Đến Vậy Đâu,Sony Music Entertainment,6,180,92,150731,10
190,spotify:track:7pqx5vF7DzkVtEdsXQ9iua,"ANH TRAI ""SAY HI"", Quân A.P, HURRYKNG, Hùng Huỳnh","ĐẦU ĐỘI SỪNG (feat. Quân A.P, HURRYKNG & Hùng Huỳnh)",Anh Trai Say Hi,48,177,16,150713,10
191,spotify:track:6jcLKVmEKAQIXIVHJZ8vzS,"MONSTAR, GREY D, NICKY, VƯƠNG BÌNH",tình yêu chậm trễ,Yin Yang Media,46,175,99,150151,10
192,spotify:track:5JTZCDMaElB4ZBJc41YhMB,"Bằng Kiều, Binz, Bùi Công Nam, Duy Khánh 周周, Thanh Duy, Thien Minh",Dẫu Có Lỗi Lầm,Universal Music Indochina Distributed Labels,41,-1,8,149919,10
193,spotify:track:6GxdtMg7DdomU79EodUpfk,"MONO, Onionn.",Em Là,M Music Records,8,-1,78,148443,10
194,spotify:track:18iADruKMXIloyA9vCJXFE,"An Vũ, Sino",Chàng Trai Bất Tử,Yin Yang Media,56,196,39,147106,10
195,spotify:track:5gWnqeM0qdEWl2xQXcs1Kb,"SIVAN, Kai Đinh",haydeanhduoccungemdau,LOOPS Music,140,156,35,146410,10
196,spotify:track:7sZgr8RsXkDwkmiQok691a,Thịnh Suy,Mai Mình Xa,InQ International,85,187,28,145969,10
197,spotify:track:2M2nM9t0YQoXMTnFH8AXBu,"Huỳnh Tú, Andiez",Đường Một Chiều,Huỳnh Tú,114,191,67,145160,10
198,spotify:track:45Mswno1F7FoZkcmQkp7fi,Wren Evans,Thích Em Hơi Nhiều,Universal Music Indochina,1,-1,168,145003,10
199,spotify:track:23ep27rDA9gklIzuJ6qzRD,Dương Domic,Yêu Em 2 Ngày,DAO Entertainment,174,-1,5,143566,10
200,spotify:track:2jcdws2044suWnDo8DTcKC,"RAP VIỆT, CoolKid",NẮNG (feat. Coolkid),DAT VIET VAC,200,-1,1,143534,10
